demo/06_ENMDemo/data/NeededPresentLayers/Asclepias_curtissii/bio12.asc
NCOLS 66 
NROWS 103 
XLLCORNER -82.9583333335385 
YLLCORNER 25.8750000002645 
CELLSIZE 0.0416666666648352 
NODATA_value -3.4e+38 
[rows 41 to 81 of 103, columns 0 to 65 of 66]
-3.4e+38 -3.4e+38 -3.4e+38 -3.4e+38 -3.4e+38 -3.4e+38 -3.4e+38 1352 1357 1364 1371 1377 1380 1384 1389 1387 1379 1362 1351 1337 1323 1315 1305 1297 1287 1284 1279 1275 1276 1272 1259 1252 1242 1235 1232 1229 1225 1226 1225 1226 1237 1250 1261 1269 1280 1293 1299 1309 1313 1318 1320 1318 1308 -3.4e+38 1268 -3.4e+38 -3.4e+38 1224 -3.4e+38 -3.4e+38 -3.4e+38 -3.4e+38 -3.4e+38 -3.4e+38 -3.4e+38 -3.4e+38
-3.4e+38 -3.4e+38 -3.4e+38 -3.4e+38 -3.4e+38 -3.4e+38 1340 1349 1354 1360 1367 1374 1376 1382 1387 1388 1385 1369 1353 1342 1329 1317 1309 1298 1288 1282 1277 1272 1272 1264 1255 1247 1237 1231 1228 1221 1216 1218 1214 1220 1231 1240 1250 1261 1272 1285 1291 1296 1300 1300 1301 1296 1288 -3.4e+38 1255 -3.4e+38 1228 -3.4e+38 -3.4e+38 -3.4e+38 -3.4e+38 -3.4e+38 -3.4e+38 -3.4e+38 -3.4e+38 -3.4e+38
-3.4e+38 -3.4e+38 -3.4e+38 -3.4e+38 -3.4e+38 -3.4e+38 1337 1343 1351 1356 1359 1367 1374 1380 1389 1387 1389 1374 1359 1344 1332 1319 1309 1297 1286 1278 1275 1268 1266 1256 1250 1242 1234 1226 1219 1214 1206 1208 1210 1216 1225 1234 1243 1254 1265 1273 1281 1285 1288 1286 1284 1281 1271 1260 1245 -3.4e+38 -3.4e+38 -3.4e+38 -3.4e+38 -3.4e+38 -3.4e+38 -3.4e+38 -3.4e+38 -3.4e+38 -3.4e+38 -3.4e+38
-3.4e+38 -3.4e+38 -3.4e+38 -3.4e+38 -3.4e+38 1330 1334 1339 1341 1345 1353 1360 1367 1377 1386 1394 1393 1381 1367 1352 1333 1320 1307 1297 1285 1276 1269 1260 1257 1251 1246 1238 1229 1218 1211 1203 1200 1198 1202 1208 1217 1227 1237 1248 1255 1264 1271 1273 1277 1276 1273 1267 1257 1247 -3.4e+38 -3.4e+38 -3.4e+38 -3.4e+38 -3.4e+38 -3.4e+38 -3.4e+38 -3.4e+38 -3.4e+38 -3.4e+38 -3.4e+38 -3.4e+38
-3.4e+38 -3.4e+38 -3.4e+38 -3.4e+38 -3.4e+38 1326 1328 1329 1331 1336 1340 1348 1357 1368 1379 1394 1392 1386 1368 1354 1337 1318 1304 1288 1278 1268 1260 1257 1251 1244 1237 1235 1223 1216 1209 1199 1196 1191 1198 1205 1212 1225 1233 1242 1250 1258 1263 1266 1265 1266 1263 1256 1247 1238 -3.4e+38 -3.4e+38 -3.4e+38 -3.4e+38 -3.4e+38 -3.4e+38 -3.4e+38 -3.4e+38 -3.4e+38 -3.4e+38 -3.4e+38 -3.4e+38
-3.4e+38 -3.4e+38 -3.4e+38 -3.4e+38 -3.4e+38 1323 1323 1320 1321 1319 1325 1333 1343 1352 1365 1378 1383 1380 1368 1350 1333 1315 1300 1284 1273 1262 1254 1248 1243 1238 1234 1229 1219 1213 1209 1200 1196 1193 1199 1206 1213 1222 1227 1239 1245 1253 1257 1259 1260 1257 1253 1251 1245 1237 1225 -3.4e+38 1192 -3.4e+38 -3.4e+38 -3.4e+38 -3.4e+38 -3.4e+38 -3.4e+38 -3.4e+38 -3.4e+38 -3.4e+38
-3.4e+38 -3.4e+38 -3.4e+38 -3.4e+38 1317 1317 1313 1310 1305 1304 1308 1311 1320 1333 1346 1364 1374 1377 1364 1346 1328 1310 1293 1276 1263 1253 1246 1243 1236 1232 1229 1227 1219 1212 1205 1204 1201 1198 1202 1207 1214 1221 1226 1236 1241 1247 1251 1253 1255 1253 1251 1246 1242 1236 1231 -3.4e+38 1209 -3.4e+38 -3.4e+38 -3.4e+38 -3.4e+38 -3.4e+38 -3.4e+38 -3.4e+38 -3.4e+38 -3.4e+38
-3.4e+38 -3.4e+38 -3.4e+38 -3.4e+38 1310 1309 1301 1292 1288 1287 1284 1291 1297 1310 1323 1340 1357 1367 1356 1339 1320 1301 1287 1268 1253 1243 1239 1235 1229 1228 1225 1226 1220 1212 1209 1204 1203 1203 1207 1209 1214 1220 1227 1232 1237 1241 1245 1250 1250 1250 1248 1248 1243 1243 1241 1237 -3.4e+38 -3.4e+38 -3.4e+38 -3.4e+38 -3.4e+38 -3.4e+38 -3.4e+38 -3.4e+38 -3.4e+38 -3.4e+38
-3.4e+38 -3.4e+38 -3.4e+38 -3.4e+38 1300 1295 1286 1278 1270 1266 1260 1262 1271 1280 1296 1318 1337 1341 1337 1325 1310 1292 1276 1261 1239 1231 1229 1230 1226 1226 1225 1221 1219 1213 1211 1208 1205 1207 1208 1212 1214 1220 1226 1231 1236 1240 1242 1246 1247 1250 1246 1247 1248 1248 1252 1253 -3.4e+38 -3.4e+38 -3.4e+38 -3.4e+38 -3.4e+38 -3.4e+38 -3.4e+38 -3.4e+38 -3.4e+38 -3.4e+38
-3.4e+38 -3.4e+38 -3.4e+38 -3.4e+38 1286 1284 1269 1261 1249 1240 1234 1232 1237 1251 1268 1289 1303 1314 1316 1309 1296 1281 1263 1253 1227 1221 1224 1227 1226 1225 1224 1222 1227 1218 1213 1213 1210 1211 1208 1211 1217 1220 1227 1231 1236 1239 1241 1243 1244 1246 1247 1246 1248 1251 1257 1259 1251 1242 -3.4e+38 -3.4e+38 -3.4e+38 -3.4e+38 -3.4e+38 -3.4e+38 -3.4e+38 -3.4e+38
-3.4e+38 -3.4e+38 -3.4e+38 -3.4e+38 1276 1273 1256 1244 1228 1217 1208 1200 1207 1223 1239 1264 1281 1289 1297 1295 1290 1275 1257 1243 1222 1218 1225 1231 1234 1234 1227 1225 1229 1221 1219 1215 1212 1212 1212 1215 1219 1221 1226 1230 1234 1236 1241 1242 1243 1246 1250 1247 1250 1255 1257 1256 1253 -3.4e+38 -3.4e+38 -3.4e+38 -3.4e+38 -3.4e+38 -3.4e+38 -3.4e+38 -3.4e+38 -3.4e+38
-3.4e+38 -3.4e+38 -3.4e+38 1265 1267 1258 -3.4e+38 -3.4e+38 -3.4e+38 1201 1187 1173 1178 1198 1220 1242 1260 1274 1280 1283 1277 1267 1256 1247 1242 1236 1240 1243 1246 1242 1238 1233 1231 1228 1222 1224 1218 1216 1217 1218 1218 1223 1225 1230 1234 1238 1237 1241 1243 1244 1249 1245 1249 1252 1255 1258 1258 1254 1251 -3.4e+38 -3.4e+38 -3.4e+38 -3.4e+38 -3.4e+38 -3.4e+38 -3.4e+38
-3.4e+38 -3.4e+38 -3.4e+38 1264 1259 1245 -3.4e+38 -3.4e+38 -3.4e+38 -3.4e+38 1175 1165 1162 1184 1206 1228 1247 1259 1264 1269 1271 1265 1258 1258 1266 1266 1269 1264 1257 1251 1245 1239 1234 1240 1232 1230 1223 1219 1220 1219 1218 1219 1224 1228 1233 1237 1239 1241 1246 1245 1247 1245 1248 1253 1255 1256 1256 1257 -3.4e+38 -3.4e+38 -3.4e+38 -3.4e+38 -3.4e+38 -3.4e+38 -3.4e+38 -3.4e+38
-3.4e+38 -3.4e+38 -3.4e+38 1261 1251 1240 1227 1211 -3.4e+38 -3.4e+38 1163 -3.4e+38 -3.4e+38 1183 1201 1221 1239 1249 1255 1263 1265 1264 1263 1266 1274 1283 1290 1280 1268 1261 1252 1244 1243 1245 1238 1237 1231 1225 1223 1224 1222 1224 1224 1226 1230 1234 1237 1241 1243 1245 1247 1247 1249 1252 1254 1258 1259 1261 1261 -3.4e+38 -3.4e+38 -3.4e+38 -3.4e+38 -3.4e+38 -3.4e+38 -3.4e+38
-3.4e+38 -3.4e+38 -3.4e+38 1259 1247 1238 1229 1214 -3.4e+38 -3.4e+38 1164 -3.4e+38 -3.4e+38 1193 1205 1222 1236 1246 1258 1262 1265 1269 1270 1273 1282 1290 1292 1283 1282 1272 1259 1252 1248 1248 1243 1240 1235 1228 1226 1225 1225 1223 1225 1228 1229 1233 1237 1239 1243 1244 1245 1248 1249 1251 1255 1258 1261 1264 1265 -3.4e+38 -3.4e+38 -3.4e+38 -3.4e+38 -3.4e+38 -3.4e+38 -3.4e+38
-3.4e+38 -3.4e+38 -3.4e+38 1254 1248 1241 1235 1222 1207 -3.4e+38 -3.4e+38 -3.4e+38 -3.4e+38 1201 1212 1229 1240 1247 1256 1261 1264 1277 1277 1281 1284 1291 1290 1286 1280 1277 1267 1261 1254 1251 1252 1243 1236 1229 1229 1229 1225 1225 1226 1227 1228 1232 1235 1238 1243 1244 1248 1247 1252 1253 1253 1260 1263 1264 1268 1273 1275 -3.4e+38 -3.4e+38 -3.4e+38 -3.4e+38 -3.4e+38
-3.4e+38 -3.4e+38 -3.4e+38 -3.4e+38 1248 1245 1242 1235 -3.4e+38 -3.4e+38 -3.4e+38 -3.4e+38 -3.4e+38 1213 1226 1241 1252 1259 1264 1264 1270 1273 1276 1279 1284 1288 1288 1283 1277 1275 1270 1262 1258 1252 1246 1242 1235 1233 1232 1232 1225 1225 1224 1227 1228 1231 1235 1237 1240 1245 1246 1248 1249 1253 1253 1258 1264 1268 1272 1279 -3.4e+38 -3.4e+38 -3.4e+38 -3.4e+38 -3.4e+38 -3.4e+38
-3.4e+38 -3.4e+38 -3.4e+38 -3.4e+38 -3.4e+38 -3.4e+38 1244 1242 -3.4e+38 -3.4e+38 -3.4e+38 -3.4e+38 1226 1233 1240 1252 1259 1265 1264 1271 1272 1274 1281 1282 1286 1284 1288 1280 1274 1274 1268 1263 1263 1256 1249 1241 1237 1234 1230 1233 1227 1227 1223 1226 1229 1230 1234 1235 1242 1243 1246 1248 1249 1252 1256 1262 1266 1271 1275 1281 1287 -3.4e+38 -3.4e+38 -3.4e+38 -3.4e+38 -3.4e+38
-3.4e+38 -3.4e+38 -3.4e+38 -3.4e+38 -3.4e+38 1256 -3.4e+38 -3.4e+38 -3.4e+38 -3.4e+38 -3.4e+38 1243 1248 1251 1258 1263 1263 1267 1270 1271 1276 1282 1284 1285 1284 1286 1284 1276 1275 1273 1268 1265 1260 1255 1246 1243 1239 1229 1228 1227 1229 1223 1222 1223 1226 1230 1232 1238 1239 1247 1247 1250 1249 1251 1258 1261 1266 1271 1279 1285 1292 1295 -3.4e+38 -3.4e+38 -3.4e+38 -3.4e+38
-3.4e+38 -3.4e+38 -3.4e+38 -3.4e+38 -3.4e+38 -3.4e+38 -3.4e+38 -3.4e+38 -3.4e+38 -3.4e+38 1264 1269 1270 1272 1274 1277 1280 1278 1277 1282 1282 1287 1284 1286 1287 1284 1279 1274 1273 1271 1265 1260 1256 1254 1249 1244 1237 1230 1227 1225 1229 1222 1220 1222 1223 1226 1230 1235 1238 1244 1250 1250 1252 1253 1257 1259 1265 1273 1282 1289 1299 1301 1304 -3.4e+38 -3.4e+38 -3.4e+38
-3.4e+38 -3.4e+38 -3.4e+38 -3.4e+38 -3.4e+38 -3.4e+38 -3.4e+38 -3.4e+38 -3.4e+38 1280 1285 1290 1295 1292 1294 1293 1298 1292 1288 1285 1286 1286 1287 1288 1288 1282 1281 1273 1270 1265 1263 1255 1251 1250 1253 1245 1233 1228 1221 1218 1224 1220 1218 1218 1221 1222 1227 1229 1235 1245 1249 1251 1252 1253 1254 1262 1268 1274 1283 1292 1300 1304 -3.4e+38 -3.4e+38 -3.4e+38 -3.4e+38
-3.4e+38 -3.4e+38 -3.4e+38 -3.4e+38 -3.4e+38 -3.4e+38 -3.4e+38 -3.4e+38 1286 1294 1304 1311 1317 1315 1312 1313 1309 1306 1297 1292 1291 1292 1292 1291 1289 1283 1282 1277 1269 1268 1262 1250 1245 1244 1244 1234 1230 1222 1216 1218 1216 1215 1214 1216 1217 1221 1224 1228 1232 1237 1245 1248 1249 1249 1252 1259 1266 1272 1284 1292 1303 1310 -3.4e+38 -3.4e+38 -3.4e+38 -3.4e+38
-3.4e+38 -3.4e+38 -3.4e+38 -3.4e+38 -3.4e+38 1280 -3.4e+38 1291 1297 1307 1315 1325 1329 1329 1330 1325 1321 1319 1309 1301 1301 1299 1297 1294 1292 1289 1285 1276 1271 1263 1253 1244 1237 1233 1235 1228 1225 1217 1213 1213 1214 1213 1211 1213 1215 1216 1218 1223 1226 1231 1235 1243 1243 1245 1248 1254 1266 1274 1283 1293 1305 1317 1320 1316 -3.4e+38 -3.4e+38
-3.4e+38 -3.4e+38 -3.4e+38 -3.4e+38 -3.4e+38 -3.4e+38 -3.4e+38 -3.4e+38 1307 1318 1328 1341 1344 1346 1344 1339 1334 1330 1323 1316 1311 1307 1303 1297 1296 1289 1283 1277 1268 1259 1251 1239 1231 1229 1226 1217 1216 1216 1207 1209 1210 1211 1207 1208 1209 1210 1213 1215 1219 1223 1226 1231 1235 1240 1245 1253 1261 1271 1285 1297 1309 1320 1328 -3.4e+38 -3.4e+38 -3.4e+38
-3.4e+38 -3.4e+38 -3.4e+38 -3.4e+38 -3.4e+38 -3.4e+38 1293 -3.4e+38 1312 1323 1336 1348 1358 1356 1357 1356 1349 1343 1333 1326 1318 1315 1309 1306 1298 1293 1284 1278 1268 1258 1248 1239 1231 1217 1213 1211 1206 1208 1203 1205 1203 1207 1205 1205 1205 1203 1206 1207 1211 1212 1217 1220 1226 1232 1239 1249 1260 1272 1283 1296 1308 1321 1327 -3.4e+38 -3.4e+38 -3.4e+38
-3.4e+38 -3.4e+38 -3.4e+38 -3.4e+38 -3.4e+38 -3.4e+38 -3.4e+38 1302 -3.4e+38 1326 1336 1351 1357 1364 1364 1367 1363 1354 1341 1331 1328 1323 1316 1310 1306 1299 1290 1279 1268 1262 1251 1237 1224 1210 1202 1201 1200 1207 1202 1202 1205 1206 1202 1202 1199 1199 1201 1200 1199 1200 1205 1210 1217 1224 1235 1242 1254 1266 1282 1294 1309 1318 1323 1324 -3.4e+38 -3.4e+38
-3.4e+38 -3.4e+38 -3.4e+38 -3.4e+38 -3.4e+38 -3.4e+38 -3.4e+38 -3.4e+38 -3.4e+38 -3.4e+38 1332 1343 1356 1364 1371 1375 1372 1362 1353 1341 1333 1331 1324 1318 1310 1302 1293 1285 1277 1265 1253 1237 1223 1209 1193 1198 1200 1205 1209 1207 1203 1203 1203 1200 1199 1194 1192 1191 1189 1190 1193 1197 1205 1217 1228 1236 1250 1264 1279 1292 1306 1317 1326 1331 -3.4e+38 -3.4e+38
-3.4e+38 -3.4e+38 -3.4e+38 -3.4e+38 -3.4e+38 -3.4e+38 -3.4e+38 -3.4e+38 -3.4e+38 -3.4e+38 1325 1337 1350 1361 1374 1382 1378 1369 1360 1349 1340 1332 1326 1319 1314 1309 1302 1294 1282 1268 1257 1241 1227 1216 1204 1204 1210 1209 1216 1211 1205 1203 1200 1196 1195 1191 1187 1186 1182 1181 1182 1185 1192 1206 1219 1234 1247 1259 1277 1292 1306 1319 1328 1337 1347 -3.4e+38
-3.4e+38 -3.4e+38 -3.4e+38 -3.4e+38 -3.4e+38 -3.4e+38 -3.4e+38 -3.4e+38 -3.4e+38 1307 1313 1327 1342 1357 1377 1390 1385 1374 1361 1353 1341 1333 1325 1320 1317 1312 1309 1299 1285 1271 1258 1248 1237 1225 1217 1215 1220 1221 1223 1219 1208 1205 1199 1195 1192 1185 1184 1178 1176 1172 1171 1173 1181 1196 1213 1227 1242 1259 1277 1293 1306 1321 1335 1346 1356 -3.4e+38
-3.4e+38 -3.4e+38 -3.4e+38 -3.4e+38 -3.4e+38 -3.4e+38 -3.4e+38 -3.4e+38 -3.4e+38 -3.4e+38 1302 1309 1324 1343 1368 1391 1385 1371 1357 1347 1336 1328 1323 1318 1314 1312 1312 1301 1287 1275 1264 1253 1244 1234 1229 1227 1229 1236 1232 1228 1216 1208 1200 1194 1189 1183 1179 1173 1169 1165 1162 1162 1171 1188 1208 1226 1241 1258 1277 1293 1307 1326 1337 1351 1365 1373
-3.4e+38 -3.4e+38 -3.4e+38 -3.4e+38 -3.4e+38 -3.4e+38 -3.4e+38 -3.4e+38 -3.4e+38 -3.4e+38 -3.4e+38 1290 1301 1321 1346 1364 1365 1357 1348 1337 1330 1323 1317 1313 1310 1308 1304 1296 1287 1276 1266 1258 1250 1242 1237 1235 1238 1246 1249 1242 1219 1209 1204 1195 1188 1182 1177 1170 1165 1161 1158 1156 1165 1187 1204 1224 1242 1260 1275 1295 1311 1329 1345 1358 1372 1382
-3.4e+38 -3.4e+38 -3.4e+38 -3.4e+38 -3.4e+38 -3.4e+38 -3.4e+38 -3.4e+38 -3.4e+38 -3.4e+38 -3.4e+38 1272 1274 1291 1313 1330 1338 1340 1332 1328 1319 1315 1310 1303 1302 1299 1297 1293 1285 1277 1271 1262 1256 1249 1247 1244 1244 1248 1252 1244 1221 1211 1203 1193 1187 1181 1173 1170 1164 1161 1162 1162 1167 1185 1205 1224 1243 1264 1277 1297 1315 1333 1349 1361 1374 1384
-3.4e+38 -3.4e+38 -3.4e+38 -3.4e+38 -3.4e+38 -3.4e+38 -3.4e+38 -3.4e+38 -3.4e+38 -3.4e+38 -3.4e+38 -3.4e+38 1248 1265 1289 1305 1316 1320 1319 1313 1309 1304 1301 1295 1297 1292 1293 1289 1283 1278 1273 1264 1262 1256 1253 1250 1250 1248 1251 1242 1222 1213 1202 1194 1186 1179 1173 1168 1164 1164 1166 1164 1175 1191 1206 1228 1246 1264 1283 1302 1320 1335 1351 1366 1378 1386
-3.4e+38 -3.4e+38 -3.4e+38 -3.4e+38 -3.4e+38 -3.4e+38 -3.4e+38 -3.4e+38 -3.4e+38 -3.4e+38 -3.4e+38 -3.4e+38 1242 1252 1269 1284 1295 1300 1300 1300 1297 1293 1289 1284 1289 1286 1285 1285 1281 1279 1272 1269 1265 1262 1260 1256 1251 1250 1246 1235 1223 1212 1204 1194 1187 1177 1172 1168 1165 1164 1168 1172 1183 1197 1212 1231 1251 1268 1287 1306 1323 1341 1357 1372 1383 1394
-3.4e+38 -3.4e+38 -3.4e+38 -3.4e+38 -3.4e+38 -3.4e+38 -3.4e+38 -3.4e+38 -3.4e+38 -3.4e+38 -3.4e+38 -3.4e+38 -3.4e+38 1250 1262 1272 1279 1287 1287 1287 1285 1281 1279 1277 1278 1277 1282 1282 1281 1281 1276 1273 1269 1267 1264 1258 1257 1251 1241 1233 1223 1213 1202 1193 1182 1177 1172 1166 1167 1168 1174 1180 1191 1204 1218 1235 1254 1273 1292 1312 1329 1347 1363 1378 1389 1400
-3.4e+38 -3.4e+38 -3.4e+38 -3.4e+38 -3.4e+38 -3.4e+38 -3.4e+38 -3.4e+38 -3.4e+38 -3.4e+38 -3.4e+38 -3.4e+38 -3.4e+38 1251 1257 1263 1271 1274 1279 1276 1274 1270 1270 1265 1272 1275 1279 1281 1283 1282 1280 1278 1275 1272 1266 1262 1257 1250 1244 1233 1224 1213 1202 1194 1181 1175 1169 1168 1167 1171 1178 1183 1198 1210 1225 1242 1260 1279 1299 1316 1336 1353 1369 1383 1396 1408
-3.4e+38 -3.4e+38 -3.4e+38 -3.4e+38 -3.4e+38 -3.4e+38 -3.4e+38 -3.4e+38 -3.4e+38 -3.4e+38 -3.4e+38 -3.4e+38 -3.4e+38 -3.4e+38 -3.4e+38 1261 1265 1268 1270 1269 -3.4e+38 -3.4e+38 1256 1259 1267 1276 1279 1284 1287 1284 1286 1282 1280 1277 1273 1265 1261 1254 1247 1238 1226 1216 1205 1193 1184 1178 1172 1169 1170 1174 1182 1192 1205 1217 1231 1250 1265 1288 1308 1328 1344 1362 1379 1393 1405 1417
-3.4e+38 -3.4e+38 -3.4e+38 -3.4e+38 -3.4e+38 -3.4e+38 -3.4e+38 -3.4e+38 -3.4e+38 -3.4e+38 -3.4e+38 -3.4e+38 -3.4e+38 -3.4e+38 -3.4e+38 1255 1263 1265 1266 -3.4e+38 -3.4e+38 1259 1255 1259 1268 1276 1285 1288 1290 1292 1288 1288 1284 1281 1278 1273 1267 1258 1249 1239 1230 1218 1207 1194 1184 1177 1171 1171 1171 1178 1186 1198 1209 1226 1242 1257 1274 1296 1316 1336 1357 1372 1389 1403 1418 1430
-3.4e+38 -3.4e+38 -3.4e+38 -3.4e+38 -3.4e+38 -3.4e+38 -3.4e+38 -3.4e+38 -3.4e+38 -3.4e+38 -3.4e+38 -3.4e+38 -3.4e+38 -3.4e+38 -3.4e+38 -3.4e+38 1259 1262 1263 -3.4e+38 -3.4e+38 -3.4e+38 1264 1267 1273 1281 1287 1293 1296 1295 1295 1293 1289 1285 1285 1279 1273 1262 1253 1245 1234 1223 1212 1198 1187 1175 1171 1171 1171 1181 1189 1204 1221 1237 1252 1266 1285 1306 1325 1345 1365 1384 1401 1415 1427 1436
-3.4e+38 -3.4e+38 -3.4e+38 -3.4e+38 -3.4e+38 -3.4e+38 -3.4e+38 -3.4e+38 -3.4e+38 -3.4e+38 -3.4e+38 -3.4e+38 -3.4e+38 -3.4e+38 -3.4e+38 -3.4e+38 -3.4e+38 1263 1263 -3.4e+38 -3.4e+38 -3.4e+38 1274 1280 1284 1291 1296 1301 1302 1304 1299 1299 1294 1291 1288 1282 1276 1270 1260 1252 1243 1231 1218 1205 1193 1181 1175 1171 1174 1184 1197 1213 1231 1252 1267 1284 1301 1321 1342 1359 1379 1396 1413 1427 1439 1451
-3.4e+38 -3.4e+38 -3.4e+38 -3.4e+38 -3.4e+38 -3.4e+38 -3.4e+38 -3.4e+38 -3.4e+38 -3.4e+38 -3.4e+38 -3.4e+38 -3.4e+38 -3.4e+38 -3.4e+38 -3.4e+38 -3.4e+38 -3.4e+38 -3.4e+38 -3.4e+38 -3.4e+38 -3.4e+38 1282 1290 1297 1302 1308 1312 1312 1309 1307 1304 1301 1297 1295 1290 1284 1273 1268 1257 1249 1240 1229 1217 1204 1194 1182 1176 1178 1191 1206 1226 1246 1263 1284 1303 1319 1337 1354 1372 1391 1406 1425 1440 1454 1465
