demo/06_ENMDemo/data/NeededPresentLayers/Asclepias_curtissii/bio18.asc
NCOLS 66 
NROWS 103 
XLLCORNER -82.9583333335385 
YLLCORNER 25.8750000002645 
CELLSIZE 0.0416666666648352 
NODATA_value -3.4e+38 
[rows 48 to 95 of 103, columns 0 to 65 of 66]
-3.4e+38 -3.4e+38 -3.4e+38 -3.4e+38 548 549 550 551 553 556 558 564 569 577 586 595 605 611 608 602 596 590 585 577 570 565 561 557 550 546 543 543 539 536 533 531 529 527 503 504 505 505 506 507 506 505 504 501 498 491 485 478 468 460 451 443 -3.4e+38 -3.4e+38 -3.4e+38 -3.4e+38 -3.4e+38 -3.4e+38 -3.4e+38 -3.4e+38 -3.4e+38 -3.4e+38
-3.4e+38 -3.4e+38 -3.4e+38 -3.4e+38 545 546 546 546 546 548 550 553 559 566 576 587 598 602 603 600 595 588 583 578 569 563 559 556 551 546 543 542 541 538 537 506 504 531 504 505 505 505 505 507 506 504 502 499 494 490 483 476 469 461 454 446 -3.4e+38 -3.4e+38 -3.4e+38 -3.4e+38 -3.4e+38 -3.4e+38 -3.4e+38 -3.4e+38 -3.4e+38 -3.4e+38
-3.4e+38 -3.4e+38 -3.4e+38 -3.4e+38 543 543 540 540 539 538 539 542 546 556 566 577 585 593 596 567 593 555 580 577 566 562 558 555 552 548 515 512 546 543 540 540 506 506 505 504 506 532 506 507 506 504 501 498 494 489 483 476 469 463 457 451 447 443 -3.4e+38 -3.4e+38 -3.4e+38 -3.4e+38 -3.4e+38 -3.4e+38 -3.4e+38 -3.4e+38
-3.4e+38 -3.4e+38 -3.4e+38 -3.4e+38 540 541 536 535 532 531 529 529 534 544 555 568 577 585 591 593 592 586 580 575 566 562 559 557 556 554 550 548 550 547 546 509 507 507 506 507 507 534 507 506 527 503 501 498 494 489 485 478 472 467 461 455 452 -3.4e+38 -3.4e+38 -3.4e+38 -3.4e+38 -3.4e+38 -3.4e+38 -3.4e+38 -3.4e+38 -3.4e+38
-3.4e+38 -3.4e+38 -3.4e+38 537 539 536 -3.4e+38 -3.4e+38 -3.4e+38 526 523 519 523 534 547 560 571 580 586 588 588 554 580 575 572 566 562 560 560 527 556 555 554 552 550 551 548 509 509 508 507 536 506 506 505 504 501 498 495 491 486 479 476 470 465 461 458 454 452 -3.4e+38 -3.4e+38 -3.4e+38 -3.4e+38 -3.4e+38 -3.4e+38 -3.4e+38
-3.4e+38 -3.4e+38 -3.4e+38 539 538 534 -3.4e+38 -3.4e+38 -3.4e+38 -3.4e+38 518 515 517 530 543 555 566 575 580 584 586 582 579 577 578 572 567 565 563 562 561 558 558 561 558 557 514 549 511 544 508 507 507 506 506 505 503 499 497 493 489 482 478 475 470 465 462 459 -3.4e+38 -3.4e+38 -3.4e+38 -3.4e+38 -3.4e+38 -3.4e+38 -3.4e+38 -3.4e+38
-3.4e+38 -3.4e+38 -3.4e+38 539 537 533 530 524 -3.4e+38 -3.4e+38 508 -3.4e+38 -3.4e+38 530 541 553 564 572 577 582 583 582 580 578 578 577 573 571 568 567 565 563 565 567 565 564 560 515 512 512 510 509 508 507 506 506 504 502 499 495 491 487 482 478 474 471 467 465 463 -3.4e+38 -3.4e+38 -3.4e+38 -3.4e+38 -3.4e+38 -3.4e+38 -3.4e+38
-3.4e+38 -3.4e+38 -3.4e+38 540 538 535 532 527 -3.4e+38 -3.4e+38 505 -3.4e+38 -3.4e+38 536 544 556 565 572 579 582 584 558 584 582 581 580 578 574 574 574 570 569 570 527 572 569 565 517 516 513 512 510 542 509 508 506 505 503 502 498 494 491 486 483 480 476 473 470 468 -3.4e+38 -3.4e+38 -3.4e+38 -3.4e+38 -3.4e+38 -3.4e+38 -3.4e+38
-3.4e+38 -3.4e+38 -3.4e+38 541 540 539 538 533 527 -3.4e+38 -3.4e+38 -3.4e+38 -3.4e+38 541 550 561 569 575 560 559 585 590 588 587 584 585 582 579 578 578 537 533 530 575 577 572 522 518 517 516 552 512 545 510 508 508 507 505 505 502 499 495 492 488 483 481 478 475 472 472 469 -3.4e+38 -3.4e+38 -3.4e+38 -3.4e+38 -3.4e+38
-3.4e+38 -3.4e+38 -3.4e+38 -3.4e+38 543 544 543 541 -3.4e+38 -3.4e+38 -3.4e+38 -3.4e+38 -3.4e+38 549 560 569 577 582 586 587 590 589 589 588 588 587 585 583 580 581 538 535 578 578 576 525 522 565 519 518 554 551 512 510 510 510 509 508 506 505 502 499 495 492 488 485 482 480 477 476 -3.4e+38 -3.4e+38 -3.4e+38 -3.4e+38 -3.4e+38 -3.4e+38
-3.4e+38 -3.4e+38 -3.4e+38 -3.4e+38 -3.4e+38 -3.4e+38 548 549 -3.4e+38 -3.4e+38 -3.4e+38 -3.4e+38 555 562 567 570 570 588 567 592 592 561 594 592 591 589 554 585 583 542 539 582 534 581 528 574 522 520 564 518 515 553 512 512 512 511 511 510 510 509 507 504 500 496 494 490 487 483 481 479 478 -3.4e+38 -3.4e+38 -3.4e+38 -3.4e+38 -3.4e+38
-3.4e+38 -3.4e+38 -3.4e+38 -3.4e+38 -3.4e+38 555 -3.4e+38 -3.4e+38 -3.4e+38 -3.4e+38 -3.4e+38 565 570 578 582 579 576 593 571 597 566 565 562 560 595 593 591 587 544 541 584 585 533 581 527 576 523 519 518 517 518 514 513 512 512 513 512 513 513 513 511 509 504 500 497 493 490 487 486 483 482 480 -3.4e+38 -3.4e+38 -3.4e+38 -3.4e+38
-3.4e+38 -3.4e+38 -3.4e+38 -3.4e+38 -3.4e+38 -3.4e+38 -3.4e+38 -3.4e+38 -3.4e+38 -3.4e+38 576 593 592 591 594 587 585 580 575 573 570 568 564 600 559 595 592 589 543 587 585 583 583 584 581 525 522 569 518 562 518 515 513 513 513 513 514 515 515 516 516 512 509 504 500 496 493 491 489 487 486 483 482 -3.4e+38 -3.4e+38 -3.4e+38
-3.4e+38 -3.4e+38 -3.4e+38 -3.4e+38 -3.4e+38 -3.4e+38 -3.4e+38 -3.4e+38 -3.4e+38 586 605 607 608 605 602 609 595 589 611 576 609 569 566 603 559 597 550 545 589 587 585 532 530 528 528 526 520 518 516 515 516 514 513 512 513 513 515 515 517 519 520 517 513 508 502 499 496 493 492 491 489 487 -3.4e+38 -3.4e+38 -3.4e+38 -3.4e+38
-3.4e+38 -3.4e+38 -3.4e+38 -3.4e+38 -3.4e+38 -3.4e+38 -3.4e+38 -3.4e+38 588 613 618 622 623 619 621 610 622 597 588 616 575 572 568 564 560 598 551 546 541 539 536 580 578 578 578 521 520 517 514 514 514 513 512 513 513 513 514 515 517 518 520 519 513 508 503 501 497 494 494 492 491 490 -3.4e+38 -3.4e+38 -3.4e+38 -3.4e+38
-3.4e+38 -3.4e+38 -3.4e+38 -3.4e+38 -3.4e+38 577 -3.4e+38 613 617 622 628 633 634 631 627 619 613 605 626 622 581 577 613 567 563 601 553 546 542 538 580 528 525 522 522 519 518 515 513 514 514 512 512 512 512 513 513 515 514 515 516 516 511 507 503 500 498 496 495 493 494 493 491 489 -3.4e+38 -3.4e+38
-3.4e+38 -3.4e+38 -3.4e+38 -3.4e+38 -3.4e+38 -3.4e+38 -3.4e+38 -3.4e+38 624 631 638 646 647 642 637 629 621 613 604 596 588 582 615 570 565 559 553 547 542 536 531 526 522 520 518 515 515 515 511 512 512 513 511 511 511 511 511 512 511 512 512 510 508 505 502 500 497 497 496 496 496 495 494 -3.4e+38 -3.4e+38 -3.4e+38
-3.4e+38 -3.4e+38 -3.4e+38 -3.4e+38 -3.4e+38 -3.4e+38 616 -3.4e+38 628 635 643 651 654 649 644 638 630 621 612 603 594 588 581 574 568 561 555 591 543 537 532 526 522 516 558 557 512 513 511 512 511 512 511 510 510 508 509 508 508 507 507 505 504 503 500 498 498 497 496 497 496 497 495 -3.4e+38 -3.4e+38 -3.4e+38
-3.4e+38 -3.4e+38 -3.4e+38 -3.4e+38 -3.4e+38 -3.4e+38 -3.4e+38 622 -3.4e+38 637 643 651 653 653 650 646 638 629 618 608 600 593 585 577 572 565 558 550 544 539 533 526 520 514 510 551 509 513 511 511 512 512 511 509 508 507 506 505 504 502 502 500 500 499 498 496 496 495 497 496 498 497 495 493 -3.4e+38 -3.4e+38
-3.4e+38 -3.4e+38 -3.4e+38 -3.4e+38 -3.4e+38 -3.4e+38 -3.4e+38 -3.4e+38 -3.4e+38 -3.4e+38 639 646 650 652 653 651 645 635 625 614 604 596 589 582 574 567 561 554 549 541 535 527 521 514 507 508 511 512 515 514 512 512 510 509 508 505 503 502 500 497 496 495 495 496 495 494 495 495 496 496 496 497 497 495 -3.4e+38 -3.4e+38
-3.4e+38 -3.4e+38 -3.4e+38 -3.4e+38 -3.4e+38 -3.4e+38 -3.4e+38 -3.4e+38 -3.4e+38 -3.4e+38 634 639 645 651 654 655 649 639 629 619 608 600 591 584 576 570 563 557 551 544 537 530 523 558 513 513 516 515 520 517 515 513 510 509 506 504 501 499 496 493 491 490 489 490 491 494 494 494 496 497 497 498 497 497 498 -3.4e+38
-3.4e+38 -3.4e+38 -3.4e+38 -3.4e+38 -3.4e+38 -3.4e+38 -3.4e+38 -3.4e+38 -3.4e+38 622 625 631 639 646 655 660 653 643 631 621 610 601 592 585 578 572 567 559 552 546 539 534 528 523 520 519 522 522 523 521 517 514 510 507 505 501 499 495 492 489 487 484 484 486 489 490 492 494 496 497 498 499 500 500 500 -3.4e+38
-3.4e+38 -3.4e+38 -3.4e+38 -3.4e+38 -3.4e+38 -3.4e+38 -3.4e+38 -3.4e+38 -3.4e+38 -3.4e+38 617 620 627 637 649 660 653 641 628 618 608 600 591 584 578 572 568 562 555 548 543 537 533 528 526 525 526 530 528 527 520 515 511 507 504 500 496 493 489 486 482 479 480 483 487 489 491 493 496 497 499 501 501 502 503 503
-3.4e+38 -3.4e+38 -3.4e+38 -3.4e+38 -3.4e+38 -3.4e+38 -3.4e+38 -3.4e+38 -3.4e+38 -3.4e+38 -3.4e+38 606 612 621 634 643 641 633 624 614 606 597 589 583 578 573 567 562 557 550 545 541 536 533 530 529 531 535 536 533 522 516 511 507 502 499 495 491 487 483 480 476 477 482 485 489 492 494 495 499 501 502 504 505 506 506
-3.4e+38 -3.4e+38 -3.4e+38 -3.4e+38 -3.4e+38 -3.4e+38 -3.4e+38 -3.4e+38 -3.4e+38 -3.4e+38 -3.4e+38 594 594 602 614 622 625 623 615 609 601 594 587 580 576 571 566 562 557 552 549 544 540 537 535 533 533 536 537 533 522 516 511 506 502 498 493 490 486 482 480 478 477 481 485 488 492 496 497 500 502 505 506 507 508 508
-3.4e+38 -3.4e+38 -3.4e+38 -3.4e+38 -3.4e+38 -3.4e+38 -3.4e+38 -3.4e+38 -3.4e+38 -3.4e+38 -3.4e+38 -3.4e+38 577 586 599 607 611 611 607 602 594 589 583 578 574 569 567 563 558 554 551 547 544 540 538 535 535 534 535 531 522 516 511 506 501 496 492 488 485 483 482 478 479 482 485 489 493 496 499 502 504 506 507 509 509 509
-3.4e+38 -3.4e+38 -3.4e+38 -3.4e+38 -3.4e+38 -3.4e+38 -3.4e+38 -3.4e+38 -3.4e+38 -3.4e+38 -3.4e+38 -3.4e+38 574 579 588 595 599 600 598 594 589 584 579 574 572 568 566 563 559 556 552 549 546 543 541 538 536 534 533 527 520 515 510 505 500 495 491 487 485 482 481 480 482 485 488 492 495 498 502 504 507 509 510 512 512 512
-3.4e+38 -3.4e+38 -3.4e+38 -3.4e+38 -3.4e+38 -3.4e+38 -3.4e+38 -3.4e+38 -3.4e+38 -3.4e+38 -3.4e+38 -3.4e+38 -3.4e+38 578 583 588 591 593 591 588 584 579 575 571 569 566 566 564 561 559 555 551 548 545 542 539 537 533 529 524 519 514 509 502 497 494 490 486 484 482 482 484 484 487 490 493 497 501 504 507 510 512 513 515 515 515
-3.4e+38 -3.4e+38 -3.4e+38 -3.4e+38 -3.4e+38 -3.4e+38 -3.4e+38 -3.4e+38 -3.4e+38 -3.4e+38 -3.4e+38 -3.4e+38 -3.4e+38 578 581 584 587 587 587 583 579 575 571 567 568 567 566 566 565 561 558 555 551 548 543 540 536 532 528 523 518 512 507 502 496 492 489 485 483 483 484 484 488 490 493 496 500 503 507 510 513 516 517 518 518 518
-3.4e+38 -3.4e+38 -3.4e+38 -3.4e+38 -3.4e+38 -3.4e+38 -3.4e+38 -3.4e+38 -3.4e+38 -3.4e+38 -3.4e+38 -3.4e+38 -3.4e+38 -3.4e+38 -3.4e+38 583 585 584 584 580 -3.4e+38 -3.4e+38 567 565 568 609 570 569 569 564 562 558 555 551 546 541 537 532 528 523 517 512 506 502 497 492 488 485 484 484 485 487 490 492 496 499 502 507 512 516 518 520 522 523 522 522
-3.4e+38 -3.4e+38 -3.4e+38 -3.4e+38 -3.4e+38 -3.4e+38 -3.4e+38 -3.4e+38 -3.4e+38 -3.4e+38 -3.4e+38 -3.4e+38 -3.4e+38 -3.4e+38 -3.4e+38 581 583 584 582 -3.4e+38 -3.4e+38 572 567 604 570 572 575 574 573 569 566 562 557 553 549 542 538 532 527 522 517 511 507 501 496 491 486 485 482 484 486 489 492 497 500 502 507 512 515 520 523 524 526 527 527 527
-3.4e+38 -3.4e+38 -3.4e+38 -3.4e+38 -3.4e+38 -3.4e+38 -3.4e+38 -3.4e+38 -3.4e+38 -3.4e+38 -3.4e+38 -3.4e+38 -3.4e+38 -3.4e+38 -3.4e+38 -3.4e+38 583 584 583 -3.4e+38 -3.4e+38 -3.4e+38 575 575 577 579 580 580 578 575 571 566 561 554 550 544 538 532 527 523 517 512 507 501 497 490 485 483 482 484 487 492 497 502 506 509 511 517 521 525 528 530 532 532 531 529
-3.4e+38 -3.4e+38 -3.4e+38 -3.4e+38 -3.4e+38 -3.4e+38 -3.4e+38 -3.4e+38 -3.4e+38 -3.4e+38 -3.4e+38 -3.4e+38 -3.4e+38 -3.4e+38 -3.4e+38 -3.4e+38 -3.4e+38 585 585 -3.4e+38 -3.4e+38 -3.4e+38 583 585 586 587 587 587 584 581 576 570 565 558 552 545 539 533 528 524 519 513 508 502 497 491 485 481 481 484 489 496 502 510 514 518 521 526 530 531 534 536 538 537 536 534
-3.4e+38 -3.4e+38 -3.4e+38 -3.4e+38 -3.4e+38 -3.4e+38 -3.4e+38 -3.4e+38 -3.4e+38 -3.4e+38 -3.4e+38 -3.4e+38 -3.4e+38 -3.4e+38 -3.4e+38 -3.4e+38 -3.4e+38 -3.4e+38 -3.4e+38 -3.4e+38 -3.4e+38 -3.4e+38 592 594 597 597 597 596 593 587 582 576 569 562 555 548 541 534 530 525 521 516 510 505 499 492 486 480 480 486 493 501 510 516 524 529 532 536 537 539 541 541 544 544 541 540
-3.4e+38 -3.4e+38 -3.4e+38 -3.4e+38 -3.4e+38 -3.4e+38 -3.4e+38 -3.4e+38 -3.4e+38 -3.4e+38 -3.4e+38 -3.4e+38 -3.4e+38 -3.4e+38 -3.4e+38 -3.4e+38 -3.4e+38 -3.4e+38 -3.4e+38 -3.4e+38 -3.4e+38 598 600 604 606 608 608 604 601 594 588 581 574 566 559 551 544 538 533 529 524 520 514 508 503 496 491 486 485 492 499 509 518 525 534 541 543 546 546 546 547 547 548 548 547 -3.4e+38
-3.4e+38 -3.4e+38 -3.4e+38 -3.4e+38 -3.4e+38 -3.4e+38 -3.4e+38 -3.4e+38 -3.4e+38 -3.4e+38 -3.4e+38 -3.4e+38 -3.4e+38 -3.4e+38 -3.4e+38 -3.4e+38 -3.4e+38 -3.4e+38 -3.4e+38 599 -3.4e+38 604 607 612 617 619 617 -3.4e+38 609 602 595 588 579 572 564 557 550 544 539 534 529 524 518 513 508 503 498 494 495 500 508 517 526 536 545 553 555 555 553 552 553 553 551 553 553 -3.4e+38
-3.4e+38 -3.4e+38 -3.4e+38 -3.4e+38 -3.4e+38 -3.4e+38 -3.4e+38 -3.4e+38 -3.4e+38 -3.4e+38 -3.4e+38 -3.4e+38 -3.4e+38 -3.4e+38 -3.4e+38 -3.4e+38 -3.4e+38 -3.4e+38 -3.4e+38 -3.4e+38 -3.4e+38 610 614 620 625 -3.4e+38 631 624 617 609 600 593 585 578 570 562 555 550 544 539 534 528 524 519 515 510 508 506 506 511 517 525 533 543 553 563 563 561 559 558 557 556 555 555 553 -3.4e+38
-3.4e+38 -3.4e+38 -3.4e+38 -3.4e+38 -3.4e+38 -3.4e+38 -3.4e+38 -3.4e+38 -3.4e+38 -3.4e+38 -3.4e+38 -3.4e+38 -3.4e+38 -3.4e+38 -3.4e+38 -3.4e+38 -3.4e+38 -3.4e+38 -3.4e+38 -3.4e+38 609 -3.4e+38 619 624 631 -3.4e+38 639 631 624 614 606 599 591 582 576 568 562 556 550 544 539 535 530 525 522 518 515 516 516 520 525 532 541 549 557 563 565 564 563 561 560 558 558 555 552 -3.4e+38
-3.4e+38 -3.4e+38 -3.4e+38 -3.4e+38 -3.4e+38 -3.4e+38 -3.4e+38 -3.4e+38 -3.4e+38 -3.4e+38 -3.4e+38 -3.4e+38 -3.4e+38 -3.4e+38 -3.4e+38 -3.4e+38 -3.4e+38 -3.4e+38 -3.4e+38 -3.4e+38 613 -3.4e+38 623 628 632 639 638 633 626 618 611 603 596 588 581 574 567 561 555 550 546 540 537 532 529 526 524 523 525 528 532 539 545 552 560 565 567 566 565 564 563 560 557 555 552 -3.4e+38
-3.4e+38 -3.4e+38 -3.4e+38 -3.4e+38 -3.4e+38 -3.4e+38 -3.4e+38 -3.4e+38 -3.4e+38 -3.4e+38 -3.4e+38 -3.4e+38 -3.4e+38 -3.4e+38 -3.4e+38 -3.4e+38 -3.4e+38 -3.4e+38 -3.4e+38 -3.4e+38 -3.4e+38 -3.4e+38 -3.4e+38 -3.4e+38 633 636 635 631 626 620 613 606 598 592 586 579 572 568 562 556 552 547 543 539 536 534 532 533 533 535 539 544 550 556 560 564 566 567 566 565 563 562 558 554 -3.4e+38 -3.4e+38
-3.4e+38 -3.4e+38 -3.4e+38 -3.4e+38 -3.4e+38 -3.4e+38 -3.4e+38 -3.4e+38 -3.4e+38 -3.4e+38 -3.4e+38 -3.4e+38 -3.4e+38 -3.4e+38 -3.4e+38 -3.4e+38 -3.4e+38 -3.4e+38 -3.4e+38 -3.4e+38 -3.4e+38 -3.4e+38 -3.4e+38 -3.4e+38 630 632 632 631 627 621 615 609 603 596 589 584 578 573 567 562 557 552 549 546 543 541 539 539 540 542 546 548 553 557 561 564 566 566 565 565 564 561 558 -3.4e+38 -3.4e+38 -3.4e+38
-3.4e+38 -3.4e+38 -3.4e+38 -3.4e+38 -3.4e+38 -3.4e+38 -3.4e+38 -3.4e+38 -3.4e+38 -3.4e+38 -3.4e+38 -3.4e+38 -3.4e+38 -3.4e+38 -3.4e+38 -3.4e+38 -3.4e+38 -3.4e+38 -3.4e+38 -3.4e+38 -3.4e+38 -3.4e+38 -3.4e+38 -3.4e+38 -3.4e+38 -3.4e+38 630 629 626 622 616 611 605 598 593 587 583 578 572 568 562 558 555 552 550 547 547 546 546 548 550 554 556 560 563 565 566 566 566 565 564 561 -3.4e+38 -3.4e+38 -3.4e+38 -3.4e+38
-3.4e+38 -3.4e+38 -3.4e+38 -3.4e+38 -3.4e+38 -3.4e+38 -3.4e+38 -3.4e+38 -3.4e+38 -3.4e+38 -3.4e+38 -3.4e+38 -3.4e+38 -3.4e+38 -3.4e+38 -3.4e+38 -3.4e+38 -3.4e+38 -3.4e+38 -3.4e+38 -3.4e+38 -3.4e+38 -3.4e+38 -3.4e+38 -3.4e+38 -3.4e+38 -3.4e+38 628 625 621 618 612 607 602 596 592 586 581 577 573 568 565 560 558 555 555 553 552 552 552 554 556 560 562 564 565 567 567 566 565 -3.4e+38 -3.4e+38 -3.4e+38 -3.4e+38 -3.4e+38 -3.4e+38
-3.4e+38 -3.4e+38 -3.4e+38 -3.4e+38 -3.4e+38 -3.4e+38 -3.4e+38 -3.4e+38 -3.4e+38 -3.4e+38 -3.4e+38 -3.4e+38 -3.4e+38 -3.4e+38 -3.4e+38 -3.4e+38 -3.4e+38 -3.4e+38 -3.4e+38 -3.4e+38 -3.4e+38 -3.4e+38 -3.4e+38 -3.4e+38 -3.4e+38 -3.4e+38 -3.4e+38 625 623 620 618 613 609 604 599 594 590 586 581 577 573 570 567 564 561 559 557 557 558 557 558 560 561 563 566 566 566 566 -3.4e+38 -3.4e+38 -3.4e+38 -3.4e+38 -3.4e+38 -3.4e+38 -3.4e+38 -3.4e+38
-3.4e+38 -3.4e+38 -3.4e+38 -3.4e+38 -3.4e+38 -3.4e+38 -3.4e+38 -3.4e+38 -3.4e+38 -3.4e+38 -3.4e+38 -3.4e+38 -3.4e+38 -3.4e+38 -3.4e+38 -3.4e+38 -3.4e+38 -3.4e+38 -3.4e+38 -3.4e+38 -3.4e+38 -3.4e+38 -3.4e+38 -3.4e+38 -3.4e+38 -3.4e+38 -3.4e+38 625 624 621 618 615 611 607 602 598 594 590 586 582 578 575 571 569 566 563 563 562 561 561 561 563 564 564 565 567 -3.4e+38 -3.4e+38 -3.4e+38 -3.4e+38 -3.4e+38 -3.4e+38 -3.4e+38 -3.4e+38 -3.4e+38 -3.4e+38
-3.4e+38 -3.4e+38 -3.4e+38 -3.4e+38 -3.4e+38 -3.4e+38 -3.4e+38 -3.4e+38 -3.4e+38 -3.4e+38 -3.4e+38 -3.4e+38 -3.4e+38 -3.4e+38 -3.4e+38 -3.4e+38 -3.4e+38 -3.4e+38 -3.4e+38 -3.4e+38 -3.4e+38 -3.4e+38 -3.4e+38 -3.4e+38 -3.4e+38 -3.4e+38 -3.4e+38 623 623 620 618 616 613 609 605 601 597 593 590 586 582 579 575 572 571 569 567 565 565 564 564 564 565 566 566 -3.4e+38 -3.4e+38 -3.4e+38 -3.4e+38 -3.4e+38 -3.4e+38 -3.4e+38 -3.4e+38 -3.4e+38 -3.4e+38 -3.4e+38
-3.4e+38 -3.4e+38 -3.4e+38 -3.4e+38 -3.4e+38 -3.4e+38 -3.4e+38 -3.4e+38 -3.4e+38 -3.4e+38 -3.4e+38 -3.4e+38 -3.4e+38 -3.4e+38 -3.4e+38 -3.4e+38 -3.4e+38 -3.4e+38 -3.4e+38 -3.4e+38 -3.4e+38 -3.4e+38 -3.4e+38 -3.4e+38 -3.4e+38 -3.4e+38 -3.4e+38 622 621 620 619 616 613 610 609 603 599 597 594 589 586 582 579 576 574 571 570 569 567 568 566 566 566 -3.4e+38 -3.4e+38 -3.4e+38 -3.4e+38 -3.4e+38 -3.4e+38 -3.4e+38 -3.4e+38 -3.4e+38 -3.4e+38 -3.4e+38 -3.4e+38 -3.4e+38
-3.4e+38 -3.4e+38 -3.4e+38 -3.4e+38 -3.4e+38 -3.4e+38 -3.4e+38 -3.4e+38 -3.4e+38 -3.4e+38 -3.4e+38 -3.4e+38 -3.4e+38 -3.4e+38 -3.4e+38 -3.4e+38 -3.4e+38 -3.4e+38 -3.4e+38 -3.4e+38 -3.4e+38 -3.4e+38 -3.4e+38 -3.4e+38 -3.4e+38 -3.4e+38 -3.4e+38 -3.4e+38 620 619 618 617 614 611 609 606 603 599 598 593 589 585 582 579 577 574 572 570 570 569 568 -3.4e+38 -3.4e+38 -3.4e+38 -3.4e+38 -3.4e+38 -3.4e+38 -3.4e+38 -3.4e+38 -3.4e+38 -3.4e+38 -3.4e+38 -3.4e+38 -3.4e+38 -3.4e+38 -3.4e+38
