demo/06_ENMDemo/data/NeededPresentLayers/Asclepias_curtissii/bio2.asc
NCOLS 66 
NROWS 103 
XLLCORNER -82.9583333335385 
YLLCORNER 25.8750000002645 
CELLSIZE 0.0416666666648352 
NODATA_value -3.4e+38 
[rows 48 to 95 of 103, columns 0 to 65 of 66]
-3.4e+38 -3.4e+38 -3.4e+38 -3.4e+38 108 108 108 109 109 109 110 111 112 113 115 116 117 118 119 120 120 120 119 119 119 120 120 121 122 124 124 124 124 124 124 123 123 122 121 120 119 118 116 115 114 112 111 109 107 105 103 101 99 96 94 92 -3.4e+38 -3.4e+38 -3.4e+38 -3.4e+38 -3.4e+38 -3.4e+38 -3.4e+38 -3.4e+38 -3.4e+38 -3.4e+38
-3.4e+38 -3.4e+38 -3.4e+38 -3.4e+38 106 106 106 106 107 107 109 110 111 112 113 115 117 118 119 120 120 119 119 119 118 119 120 121 123 124 125 125 125 125 125 124 124 123 122 121 120 118 117 116 115 113 112 110 108 106 104 103 100 99 97 95 -3.4e+38 -3.4e+38 -3.4e+38 -3.4e+38 -3.4e+38 -3.4e+38 -3.4e+38 -3.4e+38 -3.4e+38 -3.4e+38
-3.4e+38 -3.4e+38 -3.4e+38 -3.4e+38 104 104 104 105 105 106 106 108 109 111 112 114 116 117 119 120 120 119 119 118 117 118 119 121 123 125 125 126 126 126 126 125 125 124 123 122 120 120 118 117 115 114 113 111 109 107 106 104 102 100 99 97 95 92 -3.4e+38 -3.4e+38 -3.4e+38 -3.4e+38 -3.4e+38 -3.4e+38 -3.4e+38 -3.4e+38
-3.4e+38 -3.4e+38 -3.4e+38 -3.4e+38 102 102 102 103 103 104 105 106 108 110 111 113 115 117 119 120 120 119 118 117 116 117 119 121 123 125 126 127 127 127 127 126 125 125 124 122 121 121 119 118 116 115 113 112 110 109 107 105 103 102 100 98 96 -3.4e+38 -3.4e+38 -3.4e+38 -3.4e+38 -3.4e+38 -3.4e+38 -3.4e+38 -3.4e+38 -3.4e+38
-3.4e+38 -3.4e+38 -3.4e+38 101 101 101 -3.4e+38 -3.4e+38 -3.4e+38 102 103 104 106 108 110 112 114 116 118 119 120 119 118 118 117 118 120 121 123 125 126 127 128 128 127 127 126 125 124 123 122 121 120 119 117 116 115 113 112 110 108 107 105 103 102 100 98 96 94 -3.4e+38 -3.4e+38 -3.4e+38 -3.4e+38 -3.4e+38 -3.4e+38 -3.4e+38
-3.4e+38 -3.4e+38 -3.4e+38 100 99 99 -3.4e+38 -3.4e+38 -3.4e+38 -3.4e+38 101 103 104 107 109 112 114 116 117 118 119 119 119 118 119 119 120 122 124 126 127 128 129 129 128 127 127 126 125 124 123 122 121 120 118 117 116 114 113 111 110 108 106 105 103 101 100 98 -3.4e+38 -3.4e+38 -3.4e+38 -3.4e+38 -3.4e+38 -3.4e+38 -3.4e+38 -3.4e+38
-3.4e+38 -3.4e+38 -3.4e+38 98 98 98 97 97 -3.4e+38 -3.4e+38 99 -3.4e+38 -3.4e+38 107 109 111 113 115 117 118 119 119 119 119 119 120 121 123 124 126 127 128 129 129 128 128 127 126 126 125 124 123 122 120 119 118 117 116 114 112 111 109 108 106 104 103 101 99 98 -3.4e+38 -3.4e+38 -3.4e+38 -3.4e+38 -3.4e+38 -3.4e+38 -3.4e+38
-3.4e+38 -3.4e+38 -3.4e+38 97 97 96 96 96 -3.4e+38 -3.4e+38 98 -3.4e+38 -3.4e+38 107 109 112 113 115 117 118 119 119 120 120 121 121 122 124 125 126 127 128 129 129 128 128 127 127 126 125 124 123 122 121 120 119 118 117 115 114 112 111 109 107 106 104 102 101 99 -3.4e+38 -3.4e+38 -3.4e+38 -3.4e+38 -3.4e+38 -3.4e+38 -3.4e+38
-3.4e+38 -3.4e+38 -3.4e+38 97 96 96 95 95 95 -3.4e+38 -3.4e+38 -3.4e+38 -3.4e+38 107 109 112 114 116 117 118 119 120 121 121 122 122 123 124 126 127 127 128 129 129 129 128 128 127 126 126 125 124 123 122 121 120 119 118 116 115 114 112 110 109 107 105 103 102 100 99 97 -3.4e+38 -3.4e+38 -3.4e+38 -3.4e+38 -3.4e+38
-3.4e+38 -3.4e+38 -3.4e+38 -3.4e+38 96 95 95 94 -3.4e+38 -3.4e+38 -3.4e+38 -3.4e+38 -3.4e+38 108 110 112 114 116 117 118 120 120 121 122 123 123 124 125 126 127 128 128 129 129 128 128 128 127 127 126 125 125 124 123 122 121 120 119 118 116 115 114 112 110 109 107 105 103 102 100 -3.4e+38 -3.4e+38 -3.4e+38 -3.4e+38 -3.4e+38 -3.4e+38
-3.4e+38 -3.4e+38 -3.4e+38 -3.4e+38 -3.4e+38 -3.4e+38 95 95 -3.4e+38 -3.4e+38 -3.4e+38 -3.4e+38 106 109 111 113 115 117 118 119 120 121 122 123 123 124 125 126 127 128 128 129 129 129 129 129 128 128 127 127 126 125 125 123 123 122 121 120 119 118 116 115 113 112 110 108 106 104 103 101 100 -3.4e+38 -3.4e+38 -3.4e+38 -3.4e+38 -3.4e+38
-3.4e+38 -3.4e+38 -3.4e+38 -3.4e+38 -3.4e+38 97 -3.4e+38 -3.4e+38 -3.4e+38 -3.4e+38 -3.4e+38 106 108 111 113 115 116 117 119 120 121 122 123 123 124 125 126 127 127 128 128 129 129 129 129 129 129 128 128 127 126 126 125 124 123 123 121 121 120 119 118 116 114 113 111 109 107 105 104 102 101 100 -3.4e+38 -3.4e+38 -3.4e+38 -3.4e+38
-3.4e+38 -3.4e+38 -3.4e+38 -3.4e+38 -3.4e+38 -3.4e+38 -3.4e+38 -3.4e+38 -3.4e+38 -3.4e+38 105 108 111 113 114 116 117 118 119 121 122 122 123 124 125 126 127 127 128 128 129 129 129 129 129 129 129 128 128 127 127 126 126 125 124 123 122 122 121 120 119 118 116 114 112 110 108 106 105 103 102 100 100 -3.4e+38 -3.4e+38 -3.4e+38
-3.4e+38 -3.4e+38 -3.4e+38 -3.4e+38 -3.4e+38 -3.4e+38 -3.4e+38 -3.4e+38 -3.4e+38 106 108 110 113 115 116 117 118 119 121 121 122 123 124 125 126 126 127 128 129 129 129 129 129 129 129 129 129 129 128 128 127 127 126 125 124 124 123 122 121 121 120 119 117 115 113 111 109 107 106 104 103 102 -3.4e+38 -3.4e+38 -3.4e+38 -3.4e+38
-3.4e+38 -3.4e+38 -3.4e+38 -3.4e+38 -3.4e+38 -3.4e+38 -3.4e+38 -3.4e+38 104 107 110 112 115 117 118 119 119 120 121 122 123 124 124 125 126 127 128 128 129 129 129 129 129 129 129 129 129 129 129 128 128 127 126 126 125 124 123 123 122 121 121 120 117 115 114 112 110 108 107 106 105 103 -3.4e+38 -3.4e+38 -3.4e+38 -3.4e+38
-3.4e+38 -3.4e+38 -3.4e+38 -3.4e+38 -3.4e+38 102 -3.4e+38 105 106 108 110 113 116 117 118 120 120 121 122 123 123 124 125 125 126 127 127 128 129 129 129 129 130 129 129 130 130 129 129 128 128 127 127 126 125 124 123 123 122 121 120 119 117 116 114 112 110 109 108 107 106 105 104 103 -3.4e+38 -3.4e+38
-3.4e+38 -3.4e+38 -3.4e+38 -3.4e+38 -3.4e+38 -3.4e+38 -3.4e+38 -3.4e+38 107 109 112 114 116 118 119 120 121 122 123 123 124 124 125 125 126 127 127 128 128 129 129 129 130 130 130 130 130 130 129 129 128 128 127 126 125 124 123 123 122 120 120 118 117 115 114 112 111 110 108 107 106 106 105 -3.4e+38 -3.4e+38 -3.4e+38
-3.4e+38 -3.4e+38 -3.4e+38 -3.4e+38 -3.4e+38 -3.4e+38 105 -3.4e+38 108 110 112 114 116 118 120 121 122 122 123 123 124 124 125 125 126 126 127 128 128 128 129 129 130 130 130 130 130 130 130 129 129 128 127 126 125 124 123 122 121 120 119 118 116 115 114 112 111 110 109 108 107 106 106 -3.4e+38 -3.4e+38 -3.4e+38
-3.4e+38 -3.4e+38 -3.4e+38 -3.4e+38 -3.4e+38 -3.4e+38 -3.4e+38 107 -3.4e+38 111 112 115 116 119 120 121 122 123 123 124 124 124 125 125 126 126 127 127 128 128 129 129 129 130 130 130 131 131 130 130 129 128 127 126 125 124 123 121 121 119 118 117 116 114 113 112 111 110 109 108 107 107 106 105 -3.4e+38 -3.4e+38
-3.4e+38 -3.4e+38 -3.4e+38 -3.4e+38 -3.4e+38 -3.4e+38 -3.4e+38 -3.4e+38 -3.4e+38 -3.4e+38 113 115 117 119 120 122 123 124 124 124 124 124 124 125 125 125 126 127 127 128 128 129 130 130 131 131 131 131 131 130 129 128 128 126 125 124 123 121 120 119 117 116 115 114 113 112 111 110 109 108 108 107 106 105 -3.4e+38 -3.4e+38
-3.4e+38 -3.4e+38 -3.4e+38 -3.4e+38 -3.4e+38 -3.4e+38 -3.4e+38 -3.4e+38 -3.4e+38 -3.4e+38 112 114 117 119 121 122 123 123 124 124 124 124 124 124 124 125 125 126 126 127 128 129 130 130 131 131 131 131 131 131 130 129 128 126 125 124 122 121 119 118 116 115 114 113 113 112 111 110 109 109 108 107 106 105 104 -3.4e+38
-3.4e+38 -3.4e+38 -3.4e+38 -3.4e+38 -3.4e+38 -3.4e+38 -3.4e+38 -3.4e+38 -3.4e+38 111 112 114 116 119 121 123 123 124 124 124 124 124 124 124 124 124 124 125 126 127 128 129 129 130 131 131 132 132 132 131 130 129 128 126 125 123 122 121 119 117 115 114 113 113 112 112 111 110 110 109 108 107 106 105 103 -3.4e+38
-3.4e+38 -3.4e+38 -3.4e+38 -3.4e+38 -3.4e+38 -3.4e+38 -3.4e+38 -3.4e+38 -3.4e+38 -3.4e+38 112 113 116 118 120 123 123 123 123 123 123 123 123 124 124 123 123 124 125 127 128 128 129 130 131 131 132 132 132 131 130 129 128 126 125 123 121 120 118 117 115 113 112 112 112 111 111 111 110 109 108 107 106 105 103 102
-3.4e+38 -3.4e+38 -3.4e+38 -3.4e+38 -3.4e+38 -3.4e+38 -3.4e+38 -3.4e+38 -3.4e+38 -3.4e+38 -3.4e+38 112 114 117 119 121 122 122 122 123 123 123 123 123 123 123 124 124 125 126 127 128 129 130 131 131 132 132 133 132 130 129 127 126 124 123 121 120 118 116 115 113 113 112 112 112 111 111 110 110 108 107 106 105 104 102
-3.4e+38 -3.4e+38 -3.4e+38 -3.4e+38 -3.4e+38 -3.4e+38 -3.4e+38 -3.4e+38 -3.4e+38 -3.4e+38 -3.4e+38 111 113 115 117 119 120 121 121 122 122 122 122 123 123 123 123 124 125 126 127 128 129 130 131 131 132 132 132 131 130 129 127 126 124 122 121 119 118 117 115 114 113 113 112 112 112 111 111 110 109 108 107 106 104 103
-3.4e+38 -3.4e+38 -3.4e+38 -3.4e+38 -3.4e+38 -3.4e+38 -3.4e+38 -3.4e+38 -3.4e+38 -3.4e+38 -3.4e+38 -3.4e+38 111 113 116 117 119 120 120 121 121 122 122 122 122 123 123 124 125 126 127 128 129 129 130 131 131 132 131 130 129 128 127 125 124 122 120 119 118 116 115 115 114 114 113 112 112 112 111 110 109 109 107 106 105 104
-3.4e+38 -3.4e+38 -3.4e+38 -3.4e+38 -3.4e+38 -3.4e+38 -3.4e+38 -3.4e+38 -3.4e+38 -3.4e+38 -3.4e+38 -3.4e+38 111 112 114 116 118 119 119 120 121 121 122 122 122 123 123 124 125 126 127 128 129 129 130 130 131 131 131 130 129 128 126 125 123 122 120 119 118 117 116 115 114 114 114 113 112 112 112 111 110 109 108 107 105 104
-3.4e+38 -3.4e+38 -3.4e+38 -3.4e+38 -3.4e+38 -3.4e+38 -3.4e+38 -3.4e+38 -3.4e+38 -3.4e+38 -3.4e+38 -3.4e+38 -3.4e+38 112 113 115 116 117 118 119 120 120 121 122 122 122 123 124 125 126 126 127 128 129 130 130 130 130 130 129 128 127 126 124 123 122 120 119 118 117 116 115 115 114 114 114 113 113 112 112 111 110 109 107 106 105
-3.4e+38 -3.4e+38 -3.4e+38 -3.4e+38 -3.4e+38 -3.4e+38 -3.4e+38 -3.4e+38 -3.4e+38 -3.4e+38 -3.4e+38 -3.4e+38 -3.4e+38 112 113 114 115 116 117 118 119 120 120 121 121 122 123 124 124 125 126 127 128 129 129 130 130 130 129 129 128 127 125 124 122 121 120 118 117 117 116 116 115 115 115 114 114 114 113 112 112 111 109 108 107 105
-3.4e+38 -3.4e+38 -3.4e+38 -3.4e+38 -3.4e+38 -3.4e+38 -3.4e+38 -3.4e+38 -3.4e+38 -3.4e+38 -3.4e+38 -3.4e+38 -3.4e+38 -3.4e+38 -3.4e+38 113 114 115 116 117 -3.4e+38 -3.4e+38 120 120 121 121 122 123 124 125 126 127 127 128 129 129 130 129 129 128 127 126 125 123 122 120 119 118 117 116 116 116 116 115 115 115 115 114 114 113 112 111 110 109 108 106
-3.4e+38 -3.4e+38 -3.4e+38 -3.4e+38 -3.4e+38 -3.4e+38 -3.4e+38 -3.4e+38 -3.4e+38 -3.4e+38 -3.4e+38 -3.4e+38 -3.4e+38 -3.4e+38 -3.4e+38 113 114 115 116 -3.4e+38 -3.4e+38 118 119 120 120 121 122 123 124 124 125 126 127 128 129 129 129 129 129 128 127 125 124 123 121 119 118 117 117 116 116 116 116 116 116 116 116 116 115 114 113 112 111 110 109 107
-3.4e+38 -3.4e+38 -3.4e+38 -3.4e+38 -3.4e+38 -3.4e+38 -3.4e+38 -3.4e+38 -3.4e+38 -3.4e+38 -3.4e+38 -3.4e+38 -3.4e+38 -3.4e+38 -3.4e+38 -3.4e+38 113 114 115 -3.4e+38 -3.4e+38 -3.4e+38 118 119 119 120 121 122 123 124 125 126 127 128 128 129 129 129 128 128 126 125 124 122 120 119 118 117 116 116 116 116 116 116 117 117 117 116 116 115 114 113 112 111 109 107
-3.4e+38 -3.4e+38 -3.4e+38 -3.4e+38 -3.4e+38 -3.4e+38 -3.4e+38 -3.4e+38 -3.4e+38 -3.4e+38 -3.4e+38 -3.4e+38 -3.4e+38 -3.4e+38 -3.4e+38 -3.4e+38 -3.4e+38 113 114 -3.4e+38 -3.4e+38 -3.4e+38 117 118 118 119 120 121 122 123 124 125 126 127 128 129 129 129 128 128 127 125 124 122 120 119 117 116 116 116 116 116 116 117 117 117 117 117 116 115 115 114 113 112 110 108
-3.4e+38 -3.4e+38 -3.4e+38 -3.4e+38 -3.4e+38 -3.4e+38 -3.4e+38 -3.4e+38 -3.4e+38 -3.4e+38 -3.4e+38 -3.4e+38 -3.4e+38 -3.4e+38 -3.4e+38 -3.4e+38 -3.4e+38 -3.4e+38 -3.4e+38 -3.4e+38 -3.4e+38 -3.4e+38 116 117 118 118 119 120 121 122 123 124 126 127 128 128 129 129 128 127 126 125 124 123 121 119 118 116 115 115 116 116 117 117 118 118 117 117 117 116 115 115 114 112 111 109
-3.4e+38 -3.4e+38 -3.4e+38 -3.4e+38 -3.4e+38 -3.4e+38 -3.4e+38 -3.4e+38 -3.4e+38 -3.4e+38 -3.4e+38 -3.4e+38 -3.4e+38 -3.4e+38 -3.4e+38 -3.4e+38 -3.4e+38 -3.4e+38 -3.4e+38 -3.4e+38 -3.4e+38 115 115 116 117 117 118 119 120 121 123 124 125 126 127 128 129 129 128 127 126 126 124 123 121 120 118 117 116 116 116 117 117 118 118 118 118 118 117 117 116 115 115 114 112 -3.4e+38
-3.4e+38 -3.4e+38 -3.4e+38 -3.4e+38 -3.4e+38 -3.4e+38 -3.4e+38 -3.4e+38 -3.4e+38 -3.4e+38 -3.4e+38 -3.4e+38 -3.4e+38 -3.4e+38 -3.4e+38 -3.4e+38 -3.4e+38 -3.4e+38 -3.4e+38 113 -3.4e+38 114 114 115 116 116 117 -3.4e+38 119 121 122 123 124 125 126 127 128 128 128 127 126 126 125 124 122 121 119 118 117 117 117 117 117 118 118 119 118 118 117 117 116 115 115 114 113 -3.4e+38
-3.4e+38 -3.4e+38 -3.4e+38 -3.4e+38 -3.4e+38 -3.4e+38 -3.4e+38 -3.4e+38 -3.4e+38 -3.4e+38 -3.4e+38 -3.4e+38 -3.4e+38 -3.4e+38 -3.4e+38 -3.4e+38 -3.4e+38 -3.4e+38 -3.4e+38 -3.4e+38 -3.4e+38 113 114 114 115 -3.4e+38 116 117 119 120 121 122 123 124 125 126 127 127 127 127 126 126 125 124 123 122 120 119 118 117 118 118 117 118 118 119 118 118 117 116 116 115 114 113 112 -3.4e+38
-3.4e+38 -3.4e+38 -3.4e+38 -3.4e+38 -3.4e+38 -3.4e+38 -3.4e+38 -3.4e+38 -3.4e+38 -3.4e+38 -3.4e+38 -3.4e+38 -3.4e+38 -3.4e+38 -3.4e+38 -3.4e+38 -3.4e+38 -3.4e+38 -3.4e+38 -3.4e+38 112 -3.4e+38 113 114 114 -3.4e+38 115 116 118 119 121 122 123 124 124 125 126 126 126 126 126 125 125 125 124 122 121 119 119 118 118 118 118 118 118 118 118 117 117 116 115 114 113 112 110 -3.4e+38
-3.4e+38 -3.4e+38 -3.4e+38 -3.4e+38 -3.4e+38 -3.4e+38 -3.4e+38 -3.4e+38 -3.4e+38 -3.4e+38 -3.4e+38 -3.4e+38 -3.4e+38 -3.4e+38 -3.4e+38 -3.4e+38 -3.4e+38 -3.4e+38 -3.4e+38 -3.4e+38 111 -3.4e+38 112 113 113 114 115 116 117 119 120 121 122 123 124 124 125 125 125 125 125 125 125 124 124 122 121 120 119 118 118 118 118 118 118 118 117 117 116 115 114 113 112 111 109 -3.4e+38
-3.4e+38 -3.4e+38 -3.4e+38 -3.4e+38 -3.4e+38 -3.4e+38 -3.4e+38 -3.4e+38 -3.4e+38 -3.4e+38 -3.4e+38 -3.4e+38 -3.4e+38 -3.4e+38 -3.4e+38 -3.4e+38 -3.4e+38 -3.4e+38 -3.4e+38 -3.4e+38 -3.4e+38 -3.4e+38 -3.4e+38 -3.4e+38 113 114 115 116 117 118 119 120 121 122 123 123 124 125 125 124 124 124 124 124 123 122 121 120 119 119 118 118 118 117 117 117 116 116 115 114 113 112 110 109 -3.4e+38 -3.4e+38
-3.4e+38 -3.4e+38 -3.4e+38 -3.4e+38 -3.4e+38 -3.4e+38 -3.4e+38 -3.4e+38 -3.4e+38 -3.4e+38 -3.4e+38 -3.4e+38 -3.4e+38 -3.4e+38 -3.4e+38 -3.4e+38 -3.4e+38 -3.4e+38 -3.4e+38 -3.4e+38 -3.4e+38 -3.4e+38 -3.4e+38 -3.4e+38 113 114 114 115 117 118 118 120 121 121 122 123 123 123 124 124 124 124 123 123 122 121 121 120 119 119 118 118 117 117 116 116 115 115 114 113 112 110 109 -3.4e+38 -3.4e+38 -3.4e+38
-3.4e+38 -3.4e+38 -3.4e+38 -3.4e+38 -3.4e+38 -3.4e+38 -3.4e+38 -3.4e+38 -3.4e+38 -3.4e+38 -3.4e+38 -3.4e+38 -3.4e+38 -3.4e+38 -3.4e+38 -3.4e+38 -3.4e+38 -3.4e+38 -3.4e+38 -3.4e+38 -3.4e+38 -3.4e+38 -3.4e+38 -3.4e+38 -3.4e+38 -3.4e+38 115 115 116 117 118 119 120 121 121 122 122 122 123 123 122 123 123 122 122 121 120 119 119 118 118 117 117 116 116 115 114 114 113 111 110 109 -3.4e+38 -3.4e+38 -3.4e+38 -3.4e+38
-3.4e+38 -3.4e+38 -3.4e+38 -3.4e+38 -3.4e+38 -3.4e+38 -3.4e+38 -3.4e+38 -3.4e+38 -3.4e+38 -3.4e+38 -3.4e+38 -3.4e+38 -3.4e+38 -3.4e+38 -3.4e+38 -3.4e+38 -3.4e+38 -3.4e+38 -3.4e+38 -3.4e+38 -3.4e+38 -3.4e+38 -3.4e+38 -3.4e+38 -3.4e+38 -3.4e+38 115 116 117 118 118 119 120 120 121 121 121 122 122 122 122 121 121 121 120 120 119 118 118 117 117 116 115 115 114 113 112 111 110 -3.4e+38 -3.4e+38 -3.4e+38 -3.4e+38 -3.4e+38 -3.4e+38
-3.4e+38 -3.4e+38 -3.4e+38 -3.4e+38 -3.4e+38 -3.4e+38 -3.4e+38 -3.4e+38 -3.4e+38 -3.4e+38 -3.4e+38 -3.4e+38 -3.4e+38 -3.4e+38 -3.4e+38 -3.4e+38 -3.4e+38 -3.4e+38 -3.4e+38 -3.4e+38 -3.4e+38 -3.4e+38 -3.4e+38 -3.4e+38 -3.4e+38 -3.4e+38 -3.4e+38 115 116 117 117 118 118 119 119 120 120 121 121 121 121 120 120 120 120 120 119 118 118 117 117 116 115 115 114 113 112 111 -3.4e+38 -3.4e+38 -3.4e+38 -3.4e+38 -3.4e+38 -3.4e+38 -3.4e+38 -3.4e+38
-3.4e+38 -3.4e+38 -3.4e+38 -3.4e+38 -3.4e+38 -3.4e+38 -3.4e+38 -3.4e+38 -3.4e+38 -3.4e+38 -3.4e+38 -3.4e+38 -3.4e+38 -3.4e+38 -3.4e+38 -3.4e+38 -3.4e+38 -3.4e+38 -3.4e+38 -3.4e+38 -3.4e+38 -3.4e+38 -3.4e+38 -3.4e+38 -3.4e+38 -3.4e+38 -3.4e+38 115 116 116 117 118 118 118 118 119 119 119 119 120 120 120 119 119 119 119 118 118 117 117 116 116 115 114 113 112 -3.4e+38 -3.4e+38 -3.4e+38 -3.4e+38 -3.4e+38 -3.4e+38 -3.4e+38 -3.4e+38 -3.4e+38 -3.4e+38
-3.4e+38 -3.4e+38 -3.4e+38 -3.4e+38 -3.4e+38 -3.4e+38 -3.4e+38 -3.4e+38 -3.4e+38 -3.4e+38 -3.4e+38 -3.4e+38 -3.4e+38 -3.4e+38 -3.4e+38 -3.4e+38 -3.4e+38 -3.4e+38 -3.4e+38 -3.4e+38 -3.4e+38 -3.4e+38 -3.4e+38 -3.4e+38 -3.4e+38 -3.4e+38 -3.4e+38 115 115 116 116 117 117 117 118 118 118 118 118 119 119 119 118 118 118 118 117 117 116 116 115 115 114 113 112 -3.4e+38 -3.4e+38 -3.4e+38 -3.4e+38 -3.4e+38 -3.4e+38 -3.4e+38 -3.4e+38 -3.4e+38 -3.4e+38 -3.4e+38
-3.4e+38 -3.4e+38 -3.4e+38 -3.4e+38 -3.4e+38 -3.4e+38 -3.4e+38 -3.4e+38 -3.4e+38 -3.4e+38 -3.4e+38 -3.4e+38 -3.4e+38 -3.4e+38 -3.4e+38 -3.4e+38 -3.4e+38 -3.4e+38 -3.4e+38 -3.4e+38 -3.4e+38 -3.4e+38 -3.4e+38 -3.4e+38 -3.4e+38 -3.4e+38 -3.4e+38 114 115 115 116 116 116 116 117 117 117 117 117 117 118 118 118 117 117 117 117 116 116 115 115 114 113 -3.4e+38 -3.4e+38 -3.4e+38 -3.4e+38 -3.4e+38 -3.4e+38 -3.4e+38 -3.4e+38 -3.4e+38 -3.4e+38 -3.4e+38 -3.4e+38 -3.4e+38
-3.4e+38 -3.4e+38 -3.4e+38 -3.4e+38 -3.4e+38 -3.4e+38 -3.4e+38 -3.4e+38 -3.4e+38 -3.4e+38 -3.4e+38 -3.4e+38 -3.4e+38 -3.4e+38 -3.4e+38 -3.4e+38 -3.4e+38 -3.4e+38 -3.4e+38 -3.4e+38 -3.4e+38 -3.4e+38 -3.4e+38 -3.4e+38 -3.4e+38 -3.4e+38 -3.4e+38 -3.4e+38 115 115 115 115 115 115 116 116 116 116 116 116 116 116 116 116 116 116 116 115 115 115 114 -3.4e+38 -3.4e+38 -3.4e+38 -3.4e+38 -3.4e+38 -3.4e+38 -3.4e+38 -3.4e+38 -3.4e+38 -3.4e+38 -3.4e+38 -3.4e+38 -3.4e+38 -3.4e+38 -3.4e+38
