demo/06_ENMDemo/data/NeededPresentLayers/Asimina_obovata/bio14.asc
NCOLS 59 
NROWS 72 
XLLCORNER -82.7083333335495 
YLLCORNER 27.1666666668645 
CELLSIZE 0.0416666666648351 
NODATA_value -3.4e+38 
-339999999999999996123846586046231871488.000000000000000 -3.4e+38 -3.4e+38 -3.4e+38 -3.4e+38 -3.4e+38 -3.4e+38 -3.4e+38 -3.4e+38 -3.4e+38 -3.4e+38 -3.4e+38 -3.4e+38 -3.4e+38 -3.4e+38 -3.4e+38 -3.4e+38 -3.4e+38 54 53 53 52 52 -3.4e+38 -3.4e+38 -3.4e+38 -3.4e+38 -3.4e+38 -3.4e+38 -3.4e+38 -3.4e+38 -3.4e+38 -3.4e+38 -3.4e+38 -3.4e+38 -3.4e+38 -3.4e+38 -3.4e+38 -3.4e+38 -3.4e+38 -3.4e+38 -3.4e+38 -3.4e+38 -3.4e+38 -3.4e+38 -3.4e+38 -3.4e+38 -3.4e+38 -3.4e+38 -3.4e+38 -3.4e+38 -3.4e+38 -3.4e+38 -3.4e+38 -3.4e+38 -3.4e+38 -3.4e+38 -3.4e+38 -3.4e+38
-3.4e+38 -3.4e+38 -3.4e+38 -3.4e+38 -3.4e+38 -3.4e+38 -3.4e+38 -3.4e+38 -3.4e+38 -3.4e+38 -3.4e+38 -3.4e+38 -3.4e+38 -3.4e+38 -3.4e+38 -3.4e+38 56 55 54 54 53 53 52 52 -3.4e+38 -3.4e+38 -3.4e+38 -3.4e+38 -3.4e+38 -3.4e+38 -3.4e+38 -3.4e+38 -3.4e+38 -3.4e+38 -3.4e+38 -3.4e+38 -3.4e+38 -3.4e+38 -3.4e+38 -3.4e+38 -3.4e+38 -3.4e+38 -3.4e+38 -3.4e+38 -3.4e+38 -3.4e+38 -3.4e+38 -3.4e+38 -3.4e+38 -3.4e+38 -3.4e+38 -3.4e+38 -3.4e+38 -3.4e+38 -3.4e+38 -3.4e+38 -3.4e+38 -3.4e+38 -3.4e+38
-3.4e+38 -3.4e+38 -3.4e+38 -3.4e+38 -3.4e+38 -3.4e+38 -3.4e+38 -3.4e+38 -3.4e+38 -3.4e+38 -3.4e+38 -3.4e+38 -3.4e+38 -3.4e+38 56 57 57 55 55 54 54 54 53 53 53 -3.4e+38 -3.4e+38 -3.4e+38 -3.4e+38 -3.4e+38 -3.4e+38 -3.4e+38 -3.4e+38 -3.4e+38 -3.4e+38 -3.4e+38 -3.4e+38 -3.4e+38 -3.4e+38 -3.4e+38 -3.4e+38 -3.4e+38 -3.4e+38 -3.4e+38 -3.4e+38 -3.4e+38 -3.4e+38 -3.4e+38 -3.4e+38 -3.4e+38 -3.4e+38 -3.4e+38 -3.4e+38 -3.4e+38 -3.4e+38 -3.4e+38 -3.4e+38 -3.4e+38 -3.4e+38
-3.4e+38 -3.4e+38 -3.4e+38 -3.4e+38 -3.4e+38 -3.4e+38 -3.4e+38 -3.4e+38 -3.4e+38 -3.4e+38 -3.4e+38 -3.4e+38 -3.4e+38 54 55 57 57 56 55 55 55 55 54 54 54 54 -3.4e+38 -3.4e+38 -3.4e+38 -3.4e+38 -3.4e+38 -3.4e+38 -3.4e+38 -3.4e+38 -3.4e+38 -3.4e+38 -3.4e+38 -3.4e+38 -3.4e+38 -3.4e+38 -3.4e+38 -3.4e+38 -3.4e+38 -3.4e+38 -3.4e+38 -3.4e+38 -3.4e+38 -3.4e+38 -3.4e+38 -3.4e+38 -3.4e+38 -3.4e+38 -3.4e+38 -3.4e+38 -3.4e+38 -3.4e+38 -3.4e+38 -3.4e+38 -3.4e+38
-3.4e+38 -3.4e+38 -3.4e+38 -3.4e+38 -3.4e+38 -3.4e+38 -3.4e+38 -3.4e+38 -3.4e+38 -3.4e+38 -3.4e+38 53 53 53 54 56 58 57 56 56 55 55 55 55 55 55 55 55 -3.4e+38 -3.4e+38 -3.4e+38 -3.4e+38 -3.4e+38 -3.4e+38 -3.4e+38 -3.4e+38 -3.4e+38 -3.4e+38 -3.4e+38 -3.4e+38 -3.4e+38 -3.4e+38 -3.4e+38 -3.4e+38 -3.4e+38 -3.4e+38 -3.4e+38 -3.4e+38 -3.4e+38 -3.4e+38 -3.4e+38 -3.4e+38 -3.4e+38 -3.4e+38 -3.4e+38 -3.4e+38 -3.4e+38 -3.4e+38 -3.4e+38
-3.4e+38 -3.4e+38 -3.4e+38 -3.4e+38 -3.4e+38 -3.4e+38 -3.4e+38 -3.4e+38 -3.4e+38 54 54 54 53 53 53 56 58 57 57 56 56 56 56 56 56 56 56 56 56 -3.4e+38 -3.4e+38 -3.4e+38 -3.4e+38 -3.4e+38 -3.4e+38 -3.4e+38 -3.4e+38 -3.4e+38 -3.4e+38 -3.4e+38 -3.4e+38 -3.4e+38 -3.4e+38 -3.4e+38 -3.4e+38 -3.4e+38 -3.4e+38 -3.4e+38 -3.4e+38 -3.4e+38 -3.4e+38 -3.4e+38 -3.4e+38 -3.4e+38 -3.4e+38 -3.4e+38 -3.4e+38 -3.4e+38 -3.4e+38
-3.4e+38 -3.4e+38 -3.4e+38 -3.4e+38 -3.4e+38 -3.4e+38 -3.4e+38 -3.4e+38 54 54 54 54 54 54 54 56 58 57 57 57 57 56 56 57 57 57 57 57 57 58 -3.4e+38 -3.4e+38 -3.4e+38 -3.4e+38 -3.4e+38 -3.4e+38 -3.4e+38 -3.4e+38 -3.4e+38 -3.4e+38 -3.4e+38 -3.4e+38 -3.4e+38 -3.4e+38 -3.4e+38 -3.4e+38 -3.4e+38 -3.4e+38 -3.4e+38 -3.4e+38 -3.4e+38 -3.4e+38 -3.4e+38 -3.4e+38 -3.4e+38 -3.4e+38 -3.4e+38 -3.4e+38 -3.4e+38
-3.4e+38 -3.4e+38 -3.4e+38 -3.4e+38 -3.4e+38 -3.4e+38 54 55 55 55 55 55 55 55 56 58 58 58 58 57 57 57 57 57 57 57 57 58 58 58 59 -3.4e+38 -3.4e+38 -3.4e+38 -3.4e+38 -3.4e+38 -3.4e+38 -3.4e+38 -3.4e+38 -3.4e+38 -3.4e+38 -3.4e+38 -3.4e+38 -3.4e+38 -3.4e+38 -3.4e+38 -3.4e+38 -3.4e+38 -3.4e+38 -3.4e+38 -3.4e+38 -3.4e+38 -3.4e+38 -3.4e+38 -3.4e+38 -3.4e+38 -3.4e+38 -3.4e+38 -3.4e+38
-3.4e+38 -3.4e+38 -3.4e+38 -3.4e+38 -3.4e+38 53 54 55 56 56 56 57 57 57 58 58 58 57 57 57 57 57 57 58 58 58 58 59 59 59 59 59 -3.4e+38 -3.4e+38 -3.4e+38 -3.4e+38 -3.4e+38 -3.4e+38 -3.4e+38 -3.4e+38 -3.4e+38 -3.4e+38 -3.4e+38 -3.4e+38 -3.4e+38 -3.4e+38 -3.4e+38 -3.4e+38 -3.4e+38 -3.4e+38 -3.4e+38 -3.4e+38 -3.4e+38 -3.4e+38 -3.4e+38 -3.4e+38 -3.4e+38 -3.4e+38 -3.4e+38
-3.4e+38 -3.4e+38 -3.4e+38 -3.4e+38 52 54 55 56 57 57 58 58 58 58 58 58 58 58 57 57 58 58 58 58 58 59 59 60 60 60 60 60 60 -3.4e+38 -3.4e+38 -3.4e+38 -3.4e+38 -3.4e+38 -3.4e+38 -3.4e+38 -3.4e+38 -3.4e+38 -3.4e+38 -3.4e+38 -3.4e+38 -3.4e+38 -3.4e+38 -3.4e+38 -3.4e+38 -3.4e+38 -3.4e+38 -3.4e+38 -3.4e+38 -3.4e+38 -3.4e+38 -3.4e+38 -3.4e+38 -3.4e+38 -3.4e+38
-3.4e+38 -3.4e+38 -3.4e+38 -3.4e+38 53 54 55 56 58 57 57 57 57 57 58 57 58 57 57 57 58 58 58 58 58 59 59 60 60 60 60 60 60 60 -3.4e+38 -3.4e+38 -3.4e+38 -3.4e+38 -3.4e+38 -3.4e+38 -3.4e+38 -3.4e+38 -3.4e+38 -3.4e+38 -3.4e+38 -3.4e+38 -3.4e+38 -3.4e+38 -3.4e+38 -3.4e+38 -3.4e+38 -3.4e+38 -3.4e+38 -3.4e+38 -3.4e+38 -3.4e+38 -3.4e+38 -3.4e+38 -3.4e+38
-3.4e+38 -3.4e+38 -3.4e+38 -3.4e+38 53 54 56 57 57 57 57 57 57 57 57 57 57 57 58 58 58 58 58 58 59 59 60 60 60 60 60 61 61 61 61 -3.4e+38 -3.4e+38 -3.4e+38 -3.4e+38 -3.4e+38 -3.4e+38 -3.4e+38 -3.4e+38 -3.4e+38 -3.4e+38 -3.4e+38 -3.4e+38 -3.4e+38 -3.4e+38 -3.4e+38 -3.4e+38 -3.4e+38 -3.4e+38 -3.4e+38 -3.4e+38 -3.4e+38 -3.4e+38 -3.4e+38 -3.4e+38
-3.4e+38 -3.4e+38 -3.4e+38 52 53 55 56 58 57 57 57 57 57 57 57 57 57 57 58 58 58 58 58 58 59 59 60 60 60 60 61 61 61 61 61 61 -3.4e+38 -3.4e+38 -3.4e+38 -3.4e+38 -3.4e+38 -3.4e+38 -3.4e+38 -3.4e+38 -3.4e+38 -3.4e+38 -3.4e+38 -3.4e+38 -3.4e+38 -3.4e+38 -3.4e+38 -3.4e+38 -3.4e+38 -3.4e+38 -3.4e+38 -3.4e+38 -3.4e+38 -3.4e+38 -3.4e+38
-3.4e+38 -3.4e+38 -3.4e+38 52 54 56 57 58 57 57 57 57 57 57 57 57 57 57 57 57 58 58 58 58 59 59 60 60 60 60 61 61 61 61 61 61 62 -3.4e+38 -3.4e+38 -3.4e+38 -3.4e+38 -3.4e+38 -3.4e+38 -3.4e+38 -3.4e+38 -3.4e+38 -3.4e+38 -3.4e+38 -3.4e+38 -3.4e+38 -3.4e+38 -3.4e+38 -3.4e+38 -3.4e+38 -3.4e+38 -3.4e+38 -3.4e+38 -3.4e+38 -3.4e+38
-3.4e+38 -3.4e+38 -3.4e+38 53 55 56 58 57 57 57 57 57 57 57 57 57 57 57 57 57 57 58 58 58 59 59 59 60 60 60 61 61 61 61 61 62 62 -3.4e+38 -3.4e+38 -3.4e+38 -3.4e+38 -3.4e+38 -3.4e+38 -3.4e+38 -3.4e+38 -3.4e+38 -3.4e+38 -3.4e+38 -3.4e+38 -3.4e+38 -3.4e+38 -3.4e+38 -3.4e+38 -3.4e+38 -3.4e+38 -3.4e+38 -3.4e+38 -3.4e+38 -3.4e+38
-3.4e+38 -3.4e+38 -3.4e+38 53 55 57 57 57 57 57 57 57 57 56 57 57 57 57 57 57 57 57 58 58 58 59 59 60 60 60 61 61 61 61 62 62 62 -3.4e+38 -3.4e+38 -3.4e+38 -3.4e+38 -3.4e+38 -3.4e+38 -3.4e+38 -3.4e+38 -3.4e+38 -3.4e+38 -3.4e+38 -3.4e+38 -3.4e+38 -3.4e+38 -3.4e+38 -3.4e+38 -3.4e+38 -3.4e+38 -3.4e+38 -3.4e+38 -3.4e+38 -3.4e+38
-3.4e+38 -3.4e+38 -3.4e+38 54 56 57 57 57 57 57 57 57 56 56 56 56 57 57 57 58 58 58 58 58 58 59 59 59 60 60 60 61 61 61 62 62 62 62 -3.4e+38 -3.4e+38 -3.4e+38 -3.4e+38 -3.4e+38 -3.4e+38 -3.4e+38 -3.4e+38 -3.4e+38 -3.4e+38 -3.4e+38 -3.4e+38 -3.4e+38 -3.4e+38 -3.4e+38 -3.4e+38 -3.4e+38 -3.4e+38 -3.4e+38 -3.4e+38 -3.4e+38
-3.4e+38 -3.4e+38 53 55 56 57 57 57 57 57 57 57 56 56 56 56 56 56 57 57 58 58 58 58 58 59 59 59 60 60 60 61 61 62 62 62 63 62 -3.4e+38 -3.4e+38 -3.4e+38 -3.4e+38 -3.4e+38 -3.4e+38 -3.4e+38 -3.4e+38 -3.4e+38 -3.4e+38 -3.4e+38 -3.4e+38 -3.4e+38 -3.4e+38 -3.4e+38 -3.4e+38 -3.4e+38 -3.4e+38 -3.4e+38 -3.4e+38 -3.4e+38
-3.4e+38 -3.4e+38 54 56 57 57 57 57 57 57 57 57 56 56 56 56 56 56 56 57 57 57 58 58 58 58 59 59 59 60 60 61 61 62 62 62 63 63 62 -3.4e+38 -3.4e+38 -3.4e+38 -3.4e+38 -3.4e+38 -3.4e+38 -3.4e+38 -3.4e+38 -3.4e+38 -3.4e+38 -3.4e+38 -3.4e+38 -3.4e+38 -3.4e+38 -3.4e+38 -3.4e+38 -3.4e+38 -3.4e+38 -3.4e+38 -3.4e+38
-3.4e+38 -3.4e+38 55 56 57 57 57 57 57 57 57 56 56 56 56 56 56 56 56 56 57 57 57 57 58 58 58 59 59 60 60 61 61 62 62 63 63 62 62 -3.4e+38 -3.4e+38 -3.4e+38 -3.4e+38 -3.4e+38 -3.4e+38 -3.4e+38 -3.4e+38 -3.4e+38 -3.4e+38 -3.4e+38 -3.4e+38 -3.4e+38 -3.4e+38 -3.4e+38 -3.4e+38 -3.4e+38 -3.4e+38 -3.4e+38 -3.4e+38
-3.4e+38 -3.4e+38 55 57 57 57 57 57 57 56 56 56 56 56 56 56 56 56 56 56 57 57 57 57 58 58 58 58 59 60 60 61 61 62 62 63 63 62 62 -3.4e+38 -3.4e+38 -3.4e+38 -3.4e+38 -3.4e+38 -3.4e+38 -3.4e+38 -3.4e+38 -3.4e+38 -3.4e+38 -3.4e+38 -3.4e+38 -3.4e+38 -3.4e+38 -3.4e+38 -3.4e+38 -3.4e+38 -3.4e+38 -3.4e+38 -3.4e+38
-3.4e+38 -3.4e+38 56 57 57 57 57 56 56 56 56 56 56 55 55 55 55 55 56 56 56 57 57 57 57 58 58 58 59 60 60 61 61 62 62 63 63 62 62 61 -3.4e+38 -3.4e+38 -3.4e+38 -3.4e+38 -3.4e+38 -3.4e+38 -3.4e+38 -3.4e+38 -3.4e+38 -3.4e+38 -3.4e+38 -3.4e+38 -3.4e+38 -3.4e+38 -3.4e+38 -3.4e+38 -3.4e+38 -3.4e+38 -3.4e+38
-3.4e+38 55 57 57 57 57 56 56 56 56 56 55 55 55 55 55 55 55 55 56 56 56 57 57 57 57 58 58 59 60 60 61 61 62 62 63 63 62 62 61 -3.4e+38 -3.4e+38 -3.4e+38 -3.4e+38 -3.4e+38 -3.4e+38 -3.4e+38 -3.4e+38 -3.4e+38 -3.4e+38 -3.4e+38 -3.4e+38 -3.4e+38 -3.4e+38 -3.4e+38 -3.4e+38 -3.4e+38 -3.4e+38 -3.4e+38
-3.4e+38 56 57 57 57 56 56 56 56 56 55 55 55 55 55 55 55 55 55 55 55 56 56 57 57 57 57 58 59 59 60 61 61 62 63 63 62 62 61 61 60 -3.4e+38 -3.4e+38 -3.4e+38 -3.4e+38 -3.4e+38 -3.4e+38 -3.4e+38 -3.4e+38 -3.4e+38 -3.4e+38 -3.4e+38 -3.4e+38 -3.4e+38 -3.4e+38 -3.4e+38 -3.4e+38 -3.4e+38 -3.4e+38
-3.4e+38 56 56 56 56 56 56 56 56 55 55 55 55 55 55 55 55 55 55 55 55 56 56 56 57 57 57 58 58 59 60 61 62 62 63 62 61 61 60 60 60 60 -3.4e+38 -3.4e+38 -3.4e+38 -3.4e+38 -3.4e+38 -3.4e+38 -3.4e+38 -3.4e+38 -3.4e+38 -3.4e+38 -3.4e+38 -3.4e+38 -3.4e+38 -3.4e+38 -3.4e+38 -3.4e+38 -3.4e+38
-3.4e+38 56 56 56 56 56 56 55 55 55 55 55 55 55 54 54 54 54 54 55 55 55 56 56 56 56 57 57 58 58 59 60 62 62 62 61 60 60 60 59 59 59 -3.4e+38 -3.4e+38 -3.4e+38 -3.4e+38 -3.4e+38 -3.4e+38 -3.4e+38 -3.4e+38 -3.4e+38 -3.4e+38 -3.4e+38 -3.4e+38 -3.4e+38 -3.4e+38 -3.4e+38 -3.4e+38 -3.4e+38
-3.4e+38 55 55 56 55 55 55 55 55 55 55 54 54 54 54 54 54 54 54 55 55 55 55 55 56 56 56 57 57 58 59 60 61 62 61 60 59 59 59 58 58 58 -3.4e+38 -3.4e+38 -3.4e+38 -3.4e+38 -3.4e+38 -3.4e+38 -3.4e+38 -3.4e+38 -3.4e+38 -3.4e+38 -3.4e+38 -3.4e+38 -3.4e+38 -3.4e+38 -3.4e+38 -3.4e+38 -3.4e+38
55 55 55 55 55 55 55 55 54 54 54 54 54 54 54 54 54 54 54 54 54 54 55 55 55 56 56 56 57 57 58 59 60 60 60 59 58 58 57 57 57 58 58 58 -3.4e+38 -3.4e+38 -3.4e+38 -3.4e+38 -3.4e+38 -3.4e+38 -3.4e+38 -3.4e+38 -3.4e+38 -3.4e+38 -3.4e+38 -3.4e+38 -3.4e+38 -3.4e+38 -3.4e+38
55 55 55 55 55 55 55 54 54 54 54 54 54 54 54 54 54 54 54 54 54 54 54 54 55 55 55 56 56 56 57 58 59 58 58 57 57 56 56 56 57 57 57 57 -3.4e+38 -3.4e+38 -3.4e+38 -3.4e+38 -3.4e+38 -3.4e+38 -3.4e+38 -3.4e+38 -3.4e+38 -3.4e+38 -3.4e+38 -3.4e+38 -3.4e+38 -3.4e+38 -3.4e+38
54 55 55 55 55 55 54 54 54 54 54 54 54 54 54 54 54 54 54 54 54 54 54 54 54 55 55 55 55 55 56 56 57 56 56 55 55 55 55 55 56 56 57 57 -3.4e+38 -3.4e+38 -3.4e+38 -3.4e+38 -3.4e+38 -3.4e+38 -3.4e+38 -3.4e+38 -3.4e+38 -3.4e+38 -3.4e+38 -3.4e+38 -3.4e+38 -3.4e+38 -3.4e+38
-3.4e+38 54 54 54 55 54 54 54 53 53 53 53 53 54 54 54 54 54 54 54 54 53 53 54 54 54 54 54 54 54 54 55 55 54 53 53 53 53 54 54 55 56 56 57 57 -3.4e+38 -3.4e+38 -3.4e+38 -3.4e+38 -3.4e+38 -3.4e+38 -3.4e+38 -3.4e+38 -3.4e+38 -3.4e+38 -3.4e+38 -3.4e+38 -3.4e+38 -3.4e+38
54 -3.4e+38 54 54 54 54 54 54 53 53 53 53 53 54 54 54 54 54 54 54 54 53 53 53 54 54 54 54 53 53 53 53 53 52 51 51 51 52 53 54 55 55 56 57 57 -3.4e+38 -3.4e+38 -3.4e+38 -3.4e+38 -3.4e+38 -3.4e+38 -3.4e+38 -3.4e+38 -3.4e+38 -3.4e+38 -3.4e+38 -3.4e+38 -3.4e+38 -3.4e+38
55 -3.4e+38 55 54 54 54 54 54 53 53 53 53 53 54 54 54 54 54 54 54 54 54 53 53 54 54 54 53 53 52 52 52 51 50 49 48 49 50 52 53 54 55 56 57 57 57 -3.4e+38 -3.4e+38 -3.4e+38 -3.4e+38 -3.4e+38 -3.4e+38 -3.4e+38 -3.4e+38 -3.4e+38 -3.4e+38 -3.4e+38 -3.4e+38 -3.4e+38
-3.4e+38 55 55 55 55 54 54 54 53 53 53 53 53 54 54 54 54 54 54 54 54 54 54 54 54 53 53 53 52 52 51 50 50 49 48 47 48 50 52 53 54 55 56 57 57 -3.4e+38 -3.4e+38 -3.4e+38 -3.4e+38 -3.4e+38 -3.4e+38 -3.4e+38 -3.4e+38 -3.4e+38 -3.4e+38 -3.4e+38 -3.4e+38 -3.4e+38 -3.4e+38
-3.4e+38 55 55 55 55 55 54 54 53 53 53 53 54 54 54 55 55 55 55 55 55 55 54 54 54 53 53 53 52 51 50 50 49 49 48 48 49 50 52 53 54 55 56 57 57 -3.4e+38 -3.4e+38 -3.4e+38 -3.4e+38 -3.4e+38 -3.4e+38 -3.4e+38 -3.4e+38 -3.4e+38 -3.4e+38 -3.4e+38 -3.4e+38 -3.4e+38 -3.4e+38
-3.4e+38 -3.4e+38 55 55 55 55 55 54 54 54 54 54 54 54 54 53 53 54 55 54 54 55 55 55 54 53 53 52 52 51 50 49 49 49 49 49 50 51 52 54 55 56 56 57 58 -3.4e+38 57 56 -3.4e+38 -3.4e+38 -3.4e+38 -3.4e+38 -3.4e+38 -3.4e+38 -3.4e+38 -3.4e+38 -3.4e+38 -3.4e+38 -3.4e+38
-3.4e+38 56 56 56 56 56 56 55 55 55 54 54 55 55 53 52 53 54 53 53 53 53 54 54 54 54 53 52 52 51 50 49 49 49 49 51 51 52 53 54 55 56 57 57 58 -3.4e+38 57 56 54 -3.4e+38 -3.4e+38 -3.4e+38 -3.4e+38 -3.4e+38 -3.4e+38 -3.4e+38 -3.4e+38 -3.4e+38 -3.4e+38
-3.4e+38 56 56 56 56 57 56 56 56 55 55 55 55 55 54 53 53 53 52 52 52 52 52 53 53 53 54 53 52 51 50 49 48 49 50 51 53 54 54 55 56 56 57 57 58 58 -3.4e+38 -3.4e+38 53 52 -3.4e+38 -3.4e+38 -3.4e+38 -3.4e+38 -3.4e+38 -3.4e+38 -3.4e+38 -3.4e+38 -3.4e+38
-3.4e+38 56 56 56 56 55 56 57 56 56 56 56 56 56 55 53 53 52 51 51 51 51 51 51 51 52 52 53 52 51 50 49 48 49 50 52 53 54 53 54 55 56 56 57 57 57 -3.4e+38 -3.4e+38 52 50 -3.4e+38 -3.4e+38 -3.4e+38 -3.4e+38 -3.4e+38 -3.4e+38 -3.4e+38 -3.4e+38 -3.4e+38
-3.4e+38 56 57 55 55 54 54 56 57 56 56 56 56 56 55 53 52 51 50 50 50 49 49 50 50 50 51 52 53 52 51 50 49 50 51 53 54 53 53 54 55 56 55 56 56 55 -3.4e+38 52 51 49 -3.4e+38 -3.4e+38 -3.4e+38 -3.4e+38 -3.4e+38 -3.4e+38 -3.4e+38 -3.4e+38 -3.4e+38
-3.4e+38 57 57 55 54 52 53 55 57 57 57 57 57 56 55 53 52 51 50 49 48 48 48 48 48 49 49 50 51 53 51 51 51 51 52 54 54 54 53 54 55 55 55 54 54 53 53 -3.4e+38 49 48 -3.4e+38 -3.4e+38 -3.4e+38 -3.4e+38 -3.4e+38 -3.4e+38 -3.4e+38 -3.4e+38 -3.4e+38
-3.4e+38 57 57 56 55 53 53 56 57 57 57 57 57 56 54 52 51 50 48 48 47 46 46 46 46 47 47 48 49 50 51 52 52 52 53 54 54 54 54 54 54 54 54 53 53 52 51 -3.4e+38 48 -3.4e+38 -3.4e+38 45 -3.4e+38 -3.4e+38 -3.4e+38 -3.4e+38 -3.4e+38 -3.4e+38 -3.4e+38
-3.4e+38 57 57 57 56 56 56 56 56 56 57 57 57 56 54 52 50 48 47 46 46 45 45 45 45 45 45 46 47 47 48 50 51 52 53 53 53 53 54 54 53 53 52 52 51 50 49 -3.4e+38 47 -3.4e+38 45 -3.4e+38 -3.4e+38 -3.4e+38 -3.4e+38 -3.4e+38 -3.4e+38 -3.4e+38 -3.4e+38
-3.4e+38 56 57 57 56 56 56 56 55 55 57 57 58 55 53 50 49 47 46 45 44 43 44 43 43 43 43 44 44 45 45 47 48 49 51 52 52 53 53 53 52 52 51 51 50 49 48 47 46 -3.4e+38 -3.4e+38 -3.4e+38 -3.4e+38 -3.4e+38 -3.4e+38 -3.4e+38 -3.4e+38 -3.4e+38 -3.4e+38
-3.4e+38 56 56 56 56 56 55 55 55 54 56 57 58 54 51 49 47 46 44 43 43 42 42 42 42 42 42 42 42 42 43 44 45 47 49 50 52 53 52 52 51 51 50 49 49 48 47 46 -3.4e+38 -3.4e+38 -3.4e+38 -3.4e+38 -3.4e+38 -3.4e+38 -3.4e+38 -3.4e+38 -3.4e+38 -3.4e+38 -3.4e+38
-3.4e+38 55 55 56 55 55 55 55 55 55 56 58 55 52 50 47 45 44 43 42 41 41 41 40 40 41 40 41 41 41 41 41 44 46 48 49 51 52 52 51 51 50 49 48 47 46 45 45 -3.4e+38 -3.4e+38 -3.4e+38 -3.4e+38 -3.4e+38 -3.4e+38 -3.4e+38 -3.4e+38 -3.4e+38 -3.4e+38 -3.4e+38
-3.4e+38 55 55 55 55 55 55 55 56 57 57 54 51 49 47 45 44 42 41 40 40 39 39 39 39 39 39 39 40 40 40 41 43 45 47 49 50 52 51 50 50 49 48 47 46 46 45 44 43 -3.4e+38 41 -3.4e+38 -3.4e+38 -3.4e+38 -3.4e+38 -3.4e+38 -3.4e+38 -3.4e+38 -3.4e+38
-3.4e+38 -3.4e+38 53 53 53 53 53 54 53 53 51 49 47 46 44 43 42 41 40 39 39 39 38 38 38 38 39 39 39 40 40 41 43 45 47 48 50 51 50 50 49 48 48 47 46 45 44 43 42 -3.4e+38 41 -3.4e+38 -3.4e+38 -3.4e+38 -3.4e+38 -3.4e+38 -3.4e+38 -3.4e+38 -3.4e+38
-3.4e+38 -3.4e+38 52 52 51 51 50 50 49 48 46 44 44 43 42 41 40 39 38 38 38 38 38 37 37 38 38 38 39 39 40 41 43 44 46 48 50 50 50 49 48 48 47 46 45 44 43 42 41 41 -3.4e+38 -3.4e+38 -3.4e+38 -3.4e+38 -3.4e+38 -3.4e+38 -3.4e+38 -3.4e+38 -3.4e+38
-3.4e+38 -3.4e+38 51 50 49 48 47 46 45 45 44 42 42 41 41 40 39 38 37 37 37 38 38 37 37 38 38 38 39 40 40 42 43 44 46 48 50 50 49 48 48 47 46 46 45 44 43 42 41 41 -3.4e+38 -3.4e+38 -3.4e+38 -3.4e+38 -3.4e+38 -3.4e+38 -3.4e+38 -3.4e+38 -3.4e+38
-3.4e+38 -3.4e+38 49 48 47 46 44 43 42 42 41 40 40 40 39 39 38 38 36 37 38 39 39 39 38 38 39 39 39 40 41 42 43 44 46 48 50 49 49 48 47 47 46 45 44 43 43 42 41 41 41 41 -3.4e+38 -3.4e+38 -3.4e+38 -3.4e+38 -3.4e+38 -3.4e+38 -3.4e+38
-3.4e+38 -3.4e+38 47 46 46 43 41 40 40 40 40 39 39 39 39 39 38 38 36 38 40 41 41 41 40 39 39 39 40 40 41 42 43 45 46 48 49 49 48 47 47 46 45 45 44 43 43 42 42 41 41 -3.4e+38 -3.4e+38 -3.4e+38 -3.4e+38 -3.4e+38 -3.4e+38 -3.4e+38 -3.4e+38
-3.4e+38 -3.4e+38 -3.4e+38 45 43 40 38 37 38 38 39 39 39 39 39 39 39 40 41 42 44 45 44 43 42 40 40 40 40 41 41 42 43 45 46 48 48 48 48 47 46 46 45 45 44 43 43 42 42 42 42 42 42 -3.4e+38 -3.4e+38 -3.4e+38 -3.4e+38 -3.4e+38 -3.4e+38
-3.4e+38 -3.4e+38 -3.4e+38 -3.4e+38 41 39 36 36 37 37 38 38 38 39 40 40 41 43 45 48 51 50 48 45 43 42 40 41 41 42 42 43 44 45 46 47 48 47 47 47 46 46 45 44 44 43 43 43 42 42 42 42 -3.4e+38 -3.4e+38 -3.4e+38 -3.4e+38 -3.4e+38 -3.4e+38 -3.4e+38
-3.4e+38 -3.4e+38 -3.4e+38 -3.4e+38 41 -3.4e+38 -3.4e+38 37 37 37 38 38 38 39 40 41 43 45 48 52 53 53 50 48 45 43 42 42 42 43 43 43 44 45 46 47 47 47 47 46 46 45 45 44 44 43 43 43 43 43 43 43 43 -3.4e+38 -3.4e+38 -3.4e+38 -3.4e+38 -3.4e+38 -3.4e+38
-3.4e+38 -3.4e+38 -3.4e+38 -3.4e+38 41 -3.4e+38 -3.4e+38 37 37 37 37 38 39 40 41 42 44 46 49 52 52 53 52 49 47 45 44 43 43 43 43 44 44 45 46 47 47 47 46 46 46 45 45 44 44 44 43 43 43 43 43 43 44 -3.4e+38 -3.4e+38 -3.4e+38 -3.4e+38 -3.4e+38 -3.4e+38
-3.4e+38 -3.4e+38 -3.4e+38 -3.4e+38 -3.4e+38 -3.4e+38 -3.4e+38 37 37 37 38 38 39 40 41 43 45 47 50 51 52 52 51 50 47 46 45 44 44 44 44 44 44 45 46 46 46 46 46 46 45 45 45 44 44 44 44 44 43 44 44 44 44 45 45 -3.4e+38 -3.4e+38 -3.4e+38 -3.4e+38
-3.4e+38 -3.4e+38 -3.4e+38 -3.4e+38 -3.4e+38 -3.4e+38 -3.4e+38 37 37 37 38 39 40 40 42 43 45 47 49 51 51 51 50 49 48 46 45 45 44 44 44 44 44 45 45 46 46 46 46 45 45 45 45 44 44 44 44 44 44 44 44 44 45 45 -3.4e+38 -3.4e+38 -3.4e+38 -3.4e+38 -3.4e+38
-3.4e+38 -3.4e+38 -3.4e+38 -3.4e+38 -3.4e+38 -3.4e+38 36 36 37 37 38 39 39 41 42 43 45 47 48 49 50 50 49 48 47 46 46 45 44 44 44 44 44 45 45 46 46 45 45 45 45 45 45 44 44 44 44 44 44 44 45 45 45 46 46 -3.4e+38 -3.4e+38 -3.4e+38 -3.4e+38
-3.4e+38 -3.4e+38 -3.4e+38 -3.4e+38 -3.4e+38 35 36 36 36 37 37 38 39 40 42 43 45 46 47 48 49 48 48 48 47 46 46 45 44 44 44 43 44 44 45 45 45 45 45 45 45 45 45 45 45 44 44 44 45 45 45 45 46 46 47 47 -3.4e+38 -3.4e+38 -3.4e+38
-3.4e+38 -3.4e+38 -3.4e+38 -3.4e+38 35 35 35 35 36 37 38 38 39 41 42 43 44 45 46 47 47 47 47 47 46 46 45 44 44 44 44 43 43 44 44 44 45 45 45 44 44 44 45 45 45 45 45 45 45 45 45 46 46 47 47 48 49 -3.4e+38 -3.4e+38
-3.4e+38 -3.4e+38 -3.4e+38 34 34 34 35 35 36 36 38 38 39 40 42 43 44 45 46 46 47 46 46 46 46 45 44 44 44 44 43 43 43 43 44 44 44 44 44 44 44 44 44 45 45 45 45 45 45 46 46 46 47 48 48 49 -3.4e+38 -3.4e+38 -3.4e+38
-3.4e+38 -3.4e+38 -3.4e+38 34 34 34 34 35 35 36 38 39 39 40 42 43 44 45 46 46 46 46 46 46 45 45 44 44 44 43 43 43 43 43 43 43 44 44 44 44 44 44 44 44 45 45 45 45 45 46 46 47 48 48 49 50 -3.4e+38 -3.4e+38 -3.4e+38
-3.4e+38 -3.4e+38 -3.4e+38 34 33 33 34 34 35 36 37 39 39 40 42 43 44 45 45 46 46 46 46 45 45 44 43 43 43 43 43 42 42 42 43 43 43 43 44 44 44 44 44 44 44 45 45 45 46 46 47 48 48 49 50 52 53 54 -3.4e+38
-3.4e+38 -3.4e+38 -3.4e+38 -3.4e+38 33 33 33 34 35 36 38 39 40 41 42 43 44 45 45 46 46 46 46 45 45 44 43 43 43 42 42 42 42 42 42 43 43 43 43 43 43 43 44 44 44 44 45 45 46 46 47 48 49 50 51 53 54 -3.4e+38 -3.4e+38
-3.4e+38 -3.4e+38 -3.4e+38 -3.4e+38 33 33 34 35 36 37 38 39 40 41 42 43 44 45 46 46 46 46 46 45 45 44 43 42 42 42 41 42 42 42 42 42 42 43 43 43 43 43 43 43 44 44 45 45 46 47 48 49 50 51 52 54 55 -3.4e+38 -3.4e+38
-3.4e+38 -3.4e+38 -3.4e+38 -3.4e+38 34 34 34 35 36 37 39 39 40 41 42 43 44 45 46 47 47 47 46 46 45 44 43 42 41 41 41 42 41 41 42 42 42 42 42 43 43 43 43 43 43 44 44 45 46 47 48 49 50 52 53 54 56 57 -3.4e+38
-3.4e+38 -3.4e+38 -3.4e+38 -3.4e+38 -3.4e+38 35 35 36 37 38 39 40 40 41 42 44 45 46 47 47 48 48 47 46 45 44 43 42 40 41 41 41 42 42 42 42 42 42 42 42 42 42 42 43 43 43 44 45 46 47 48 49 51 52 54 55 57 57 -3.4e+38
-3.4e+38 -3.4e+38 -3.4e+38 -3.4e+38 -3.4e+38 -3.4e+38 36 37 38 38 39 40 41 42 43 44 45 46 47 48 49 48 47 46 46 44 43 42 41 41 42 42 42 42 42 42 42 42 42 42 42 42 42 42 42 43 43 44 46 47 48 49 51 52 54 56 56 56 56
-3.4e+38 -3.4e+38 -3.4e+38 -3.4e+38 -3.4e+38 -3.4e+38 -3.4e+38 -3.4e+38 -3.4e+38 -3.4e+38 -3.4e+38 -3.4e+38 41 42 43 44 45 46 48 49 49 48 47 46 45 45 44 43 42 42 42 42 43 43 42 42 42 42 42 42 42 42 42 42 42 42 43 44 45 47 48 50 51 53 54 55 55 55 -3.4e+38
-3.4e+38 -3.4e+38 -3.4e+38 -3.4e+38 -3.4e+38 -3.4e+38 -3.4e+38 -3.4e+38 -3.4e+38 -3.4e+38 -3.4e+38 -3.4e+38 -3.4e+38 -3.4e+38 -3.4e+38 -3.4e+38 -3.4e+38 -3.4e+38 -3.4e+38 -3.4e+38 -3.4e+38 -3.4e+38 -3.4e+38 -3.4e+38 -3.4e+38 -3.4e+38 -3.4e+38 -3.4e+38 -3.4e+38 -3.4e+38 -3.4e+38 -3.4e+38 43 43 42 42 42 42 42 42 41 41 41 41 41 42 43 44 45 47 48 50 51 53 53 54 54 54 -3.4e+38
-3.4e+38 -3.4e+38 -3.4e+38 -3.4e+38 -3.4e+38 -3.4e+38 -3.4e+38 -3.4e+38 -3.4e+38 -3.4e+38 -3.4e+38 -3.4e+38 -3.4e+38 -3.4e+38 -3.4e+38 -3.4e+38 -3.4e+38 -3.4e+38 -3.4e+38 -3.4e+38 -3.4e+38 -3.4e+38 -3.4e+38 -3.4e+38 -3.4e+38 -3.4e+38 -3.4e+38 -3.4e+38 -3.4e+38 -3.4e+38 -3.4e+38 -3.4e+38 -3.4e+38 -3.4e+38 -3.4e+38 -3.4e+38 -3.4e+38 -3.4e+38 -3.4e+38 -3.4e+38 -3.4e+38 -3.4e+38 -3.4e+38 -3.4e+38 -3.4e+38 -3.4e+38 -3.4e+38 -3.4e+38 -3.4e+38 -3.4e+38 -3.4e+38 50 51 52 52 53 -3.4e+38 -3.4e+38 -3.4e+38
