demo/06_ENMDemo/data/NeededPresentLayers/Asimina_obovata/bio2.asc
NCOLS 59 
NROWS 72 
XLLCORNER -82.7083333335495 
YLLCORNER 27.1666666668645 
CELLSIZE 0.0416666666648351 
NODATA_value -3.4e+38 
[rows 0 to 55 of 72, columns 0 to 58 of 59]
-339999999999999996123846586046231871488.000000000000000 -3.4e+38 -3.4e+38 -3.4e+38 -3.4e+38 -3.4e+38 -3.4e+38 -3.4e+38 -3.4e+38 -3.4e+38 -3.4e+38 -3.4e+38 -3.4e+38 -3.4e+38 -3.4e+38 -3.4e+38 -3.4e+38 -3.4e+38 125 123 121 120 118 -3.4e+38 -3.4e+38 -3.4e+38 -3.4e+38 -3.4e+38 -3.4e+38 -3.4e+38 -3.4e+38 -3.4e+38 -3.4e+38 -3.4e+38 -3.4e+38 -3.4e+38 -3.4e+38 -3.4e+38 -3.4e+38 -3.4e+38 -3.4e+38 -3.4e+38 -3.4e+38 -3.4e+38 -3.4e+38 -3.4e+38 -3.4e+38 -3.4e+38 -3.4e+38 -3.4e+38 -3.4e+38 -3.4e+38 -3.4e+38 -3.4e+38 -3.4e+38 -3.4e+38 -3.4e+38 -3.4e+38 -3.4e+38
-3.4e+38 -3.4e+38 -3.4e+38 -3.4e+38 -3.4e+38 -3.4e+38 -3.4e+38 -3.4e+38 -3.4e+38 -3.4e+38 -3.4e+38 -3.4e+38 -3.4e+38 -3.4e+38 -3.4e+38 -3.4e+38 128 126 125 123 121 120 118 117 -3.4e+38 -3.4e+38 -3.4e+38 -3.4e+38 -3.4e+38 -3.4e+38 -3.4e+38 -3.4e+38 -3.4e+38 -3.4e+38 -3.4e+38 -3.4e+38 -3.4e+38 -3.4e+38 -3.4e+38 -3.4e+38 -3.4e+38 -3.4e+38 -3.4e+38 -3.4e+38 -3.4e+38 -3.4e+38 -3.4e+38 -3.4e+38 -3.4e+38 -3.4e+38 -3.4e+38 -3.4e+38 -3.4e+38 -3.4e+38 -3.4e+38 -3.4e+38 -3.4e+38 -3.4e+38 -3.4e+38
-3.4e+38 -3.4e+38 -3.4e+38 -3.4e+38 -3.4e+38 -3.4e+38 -3.4e+38 -3.4e+38 -3.4e+38 -3.4e+38 -3.4e+38 -3.4e+38 -3.4e+38 -3.4e+38 130 128 127 126 125 123 121 120 118 117 115 -3.4e+38 -3.4e+38 -3.4e+38 -3.4e+38 -3.4e+38 -3.4e+38 -3.4e+38 -3.4e+38 -3.4e+38 -3.4e+38 -3.4e+38 -3.4e+38 -3.4e+38 -3.4e+38 -3.4e+38 -3.4e+38 -3.4e+38 -3.4e+38 -3.4e+38 -3.4e+38 -3.4e+38 -3.4e+38 -3.4e+38 -3.4e+38 -3.4e+38 -3.4e+38 -3.4e+38 -3.4e+38 -3.4e+38 -3.4e+38 -3.4e+38 -3.4e+38 -3.4e+38 -3.4e+38
-3.4e+38 -3.4e+38 -3.4e+38 -3.4e+38 -3.4e+38 -3.4e+38 -3.4e+38 -3.4e+38 -3.4e+38 -3.4e+38 -3.4e+38 -3.4e+38 -3.4e+38 130 129 128 127 125 124 123 121 120 118 117 116 115 -3.4e+38 -3.4e+38 -3.4e+38 -3.4e+38 -3.4e+38 -3.4e+38 -3.4e+38 -3.4e+38 -3.4e+38 -3.4e+38 -3.4e+38 -3.4e+38 -3.4e+38 -3.4e+38 -3.4e+38 -3.4e+38 -3.4e+38 -3.4e+38 -3.4e+38 -3.4e+38 -3.4e+38 -3.4e+38 -3.4e+38 -3.4e+38 -3.4e+38 -3.4e+38 -3.4e+38 -3.4e+38 -3.4e+38 -3.4e+38 -3.4e+38 -3.4e+38 -3.4e+38
-3.4e+38 -3.4e+38 -3.4e+38 -3.4e+38 -3.4e+38 -3.4e+38 -3.4e+38 -3.4e+38 -3.4e+38 -3.4e+38 -3.4e+38 131 130 130 128 127 126 125 124 122 121 120 118 117 116 115 114 113 -3.4e+38 -3.4e+38 -3.4e+38 -3.4e+38 -3.4e+38 -3.4e+38 -3.4e+38 -3.4e+38 -3.4e+38 -3.4e+38 -3.4e+38 -3.4e+38 -3.4e+38 -3.4e+38 -3.4e+38 -3.4e+38 -3.4e+38 -3.4e+38 -3.4e+38 -3.4e+38 -3.4e+38 -3.4e+38 -3.4e+38 -3.4e+38 -3.4e+38 -3.4e+38 -3.4e+38 -3.4e+38 -3.4e+38 -3.4e+38 -3.4e+38
-3.4e+38 -3.4e+38 -3.4e+38 -3.4e+38 -3.4e+38 -3.4e+38 -3.4e+38 -3.4e+38 -3.4e+38 132 131 130 130 129 128 127 126 125 124 123 121 120 119 117 116 115 115 113 112 -3.4e+38 -3.4e+38 -3.4e+38 -3.4e+38 -3.4e+38 -3.4e+38 -3.4e+38 -3.4e+38 -3.4e+38 -3.4e+38 -3.4e+38 -3.4e+38 -3.4e+38 -3.4e+38 -3.4e+38 -3.4e+38 -3.4e+38 -3.4e+38 -3.4e+38 -3.4e+38 -3.4e+38 -3.4e+38 -3.4e+38 -3.4e+38 -3.4e+38 -3.4e+38 -3.4e+38 -3.4e+38 -3.4e+38 -3.4e+38
-3.4e+38 -3.4e+38 -3.4e+38 -3.4e+38 -3.4e+38 -3.4e+38 -3.4e+38 -3.4e+38 132 131 130 130 129 128 128 127 125 125 124 123 121 120 119 118 117 116 115 113 112 111 -3.4e+38 -3.4e+38 -3.4e+38 -3.4e+38 -3.4e+38 -3.4e+38 -3.4e+38 -3.4e+38 -3.4e+38 -3.4e+38 -3.4e+38 -3.4e+38 -3.4e+38 -3.4e+38 -3.4e+38 -3.4e+38 -3.4e+38 -3.4e+38 -3.4e+38 -3.4e+38 -3.4e+38 -3.4e+38 -3.4e+38 -3.4e+38 -3.4e+38 -3.4e+38 -3.4e+38 -3.4e+38 -3.4e+38
-3.4e+38 -3.4e+38 -3.4e+38 -3.4e+38 -3.4e+38 -3.4e+38 133 132 131 130 130 129 128 128 127 126 125 124 124 122 121 120 119 118 117 116 115 114 113 112 111 -3.4e+38 -3.4e+38 -3.4e+38 -3.4e+38 -3.4e+38 -3.4e+38 -3.4e+38 -3.4e+38 -3.4e+38 -3.4e+38 -3.4e+38 -3.4e+38 -3.4e+38 -3.4e+38 -3.4e+38 -3.4e+38 -3.4e+38 -3.4e+38 -3.4e+38 -3.4e+38 -3.4e+38 -3.4e+38 -3.4e+38 -3.4e+38 -3.4e+38 -3.4e+38 -3.4e+38 -3.4e+38
-3.4e+38 -3.4e+38 -3.4e+38 -3.4e+38 -3.4e+38 134 133 132 131 130 129 129 128 127 127 126 125 124 123 122 121 121 120 118 117 116 115 114 113 112 111 110 -3.4e+38 -3.4e+38 -3.4e+38 -3.4e+38 -3.4e+38 -3.4e+38 -3.4e+38 -3.4e+38 -3.4e+38 -3.4e+38 -3.4e+38 -3.4e+38 -3.4e+38 -3.4e+38 -3.4e+38 -3.4e+38 -3.4e+38 -3.4e+38 -3.4e+38 -3.4e+38 -3.4e+38 -3.4e+38 -3.4e+38 -3.4e+38 -3.4e+38 -3.4e+38 -3.4e+38
-3.4e+38 -3.4e+38 -3.4e+38 -3.4e+38 135 134 132 131 130 129 128 128 127 127 126 126 125 124 124 123 122 121 120 119 118 117 116 115 114 113 111 110 109 -3.4e+38 -3.4e+38 -3.4e+38 -3.4e+38 -3.4e+38 -3.4e+38 -3.4e+38 -3.4e+38 -3.4e+38 -3.4e+38 -3.4e+38 -3.4e+38 -3.4e+38 -3.4e+38 -3.4e+38 -3.4e+38 -3.4e+38 -3.4e+38 -3.4e+38 -3.4e+38 -3.4e+38 -3.4e+38 -3.4e+38 -3.4e+38 -3.4e+38 -3.4e+38
-3.4e+38 -3.4e+38 -3.4e+38 -3.4e+38 134 133 132 131 129 128 128 127 127 127 126 126 125 124 123 123 122 121 120 119 118 117 116 115 114 113 112 111 110 109 -3.4e+38 -3.4e+38 -3.4e+38 -3.4e+38 -3.4e+38 -3.4e+38 -3.4e+38 -3.4e+38 -3.4e+38 -3.4e+38 -3.4e+38 -3.4e+38 -3.4e+38 -3.4e+38 -3.4e+38 -3.4e+38 -3.4e+38 -3.4e+38 -3.4e+38 -3.4e+38 -3.4e+38 -3.4e+38 -3.4e+38 -3.4e+38 -3.4e+38
-3.4e+38 -3.4e+38 -3.4e+38 -3.4e+38 134 133 131 130 129 128 127 127 127 126 126 126 125 125 124 123 122 121 121 119 119 118 117 116 114 114 112 111 110 109 108 -3.4e+38 -3.4e+38 -3.4e+38 -3.4e+38 -3.4e+38 -3.4e+38 -3.4e+38 -3.4e+38 -3.4e+38 -3.4e+38 -3.4e+38 -3.4e+38 -3.4e+38 -3.4e+38 -3.4e+38 -3.4e+38 -3.4e+38 -3.4e+38 -3.4e+38 -3.4e+38 -3.4e+38 -3.4e+38 -3.4e+38 -3.4e+38
-3.4e+38 -3.4e+38 -3.4e+38 135 134 132 131 130 129 128 127 127 127 127 126 126 125 124 124 123 123 122 121 120 119 118 117 116 115 114 113 112 111 110 109 108 -3.4e+38 -3.4e+38 -3.4e+38 -3.4e+38 -3.4e+38 -3.4e+38 -3.4e+38 -3.4e+38 -3.4e+38 -3.4e+38 -3.4e+38 -3.4e+38 -3.4e+38 -3.4e+38 -3.4e+38 -3.4e+38 -3.4e+38 -3.4e+38 -3.4e+38 -3.4e+38 -3.4e+38 -3.4e+38 -3.4e+38
-3.4e+38 -3.4e+38 -3.4e+38 135 133 132 131 130 129 128 128 127 127 127 126 126 125 125 124 124 123 122 121 120 119 118 117 116 115 114 113 112 111 110 109 108 107 -3.4e+38 -3.4e+38 -3.4e+38 -3.4e+38 -3.4e+38 -3.4e+38 -3.4e+38 -3.4e+38 -3.4e+38 -3.4e+38 -3.4e+38 -3.4e+38 -3.4e+38 -3.4e+38 -3.4e+38 -3.4e+38 -3.4e+38 -3.4e+38 -3.4e+38 -3.4e+38 -3.4e+38 -3.4e+38
-3.4e+38 -3.4e+38 -3.4e+38 134 133 132 131 130 129 129 128 128 127 127 126 126 126 126 125 124 123 122 122 121 120 119 118 117 116 115 114 113 112 111 110 109 108 -3.4e+38 -3.4e+38 -3.4e+38 -3.4e+38 -3.4e+38 -3.4e+38 -3.4e+38 -3.4e+38 -3.4e+38 -3.4e+38 -3.4e+38 -3.4e+38 -3.4e+38 -3.4e+38 -3.4e+38 -3.4e+38 -3.4e+38 -3.4e+38 -3.4e+38 -3.4e+38 -3.4e+38 -3.4e+38
-3.4e+38 -3.4e+38 -3.4e+38 134 133 133 132 131 130 129 129 128 128 128 127 127 126 126 125 125 124 123 122 121 120 119 118 118 116 116 115 114 112 111 111 109 108 -3.4e+38 -3.4e+38 -3.4e+38 -3.4e+38 -3.4e+38 -3.4e+38 -3.4e+38 -3.4e+38 -3.4e+38 -3.4e+38 -3.4e+38 -3.4e+38 -3.4e+38 -3.4e+38 -3.4e+38 -3.4e+38 -3.4e+38 -3.4e+38 -3.4e+38 -3.4e+38 -3.4e+38 -3.4e+38
-3.4e+38 -3.4e+38 -3.4e+38 135 134 133 132 131 131 130 129 129 129 128 128 127 127 126 126 125 124 123 123 122 121 120 119 118 117 116 115 114 113 112 111 110 109 108 -3.4e+38 -3.4e+38 -3.4e+38 -3.4e+38 -3.4e+38 -3.4e+38 -3.4e+38 -3.4e+38 -3.4e+38 -3.4e+38 -3.4e+38 -3.4e+38 -3.4e+38 -3.4e+38 -3.4e+38 -3.4e+38 -3.4e+38 -3.4e+38 -3.4e+38 -3.4e+38 -3.4e+38
-3.4e+38 -3.4e+38 135 135 134 133 132 132 131 131 130 130 129 129 129 128 127 127 126 125 124 124 123 122 121 121 120 119 118 117 116 115 114 113 112 111 109 108 -3.4e+38 -3.4e+38 -3.4e+38 -3.4e+38 -3.4e+38 -3.4e+38 -3.4e+38 -3.4e+38 -3.4e+38 -3.4e+38 -3.4e+38 -3.4e+38 -3.4e+38 -3.4e+38 -3.4e+38 -3.4e+38 -3.4e+38 -3.4e+38 -3.4e+38 -3.4e+38 -3.4e+38
-3.4e+38 -3.4e+38 135 135 134 133 133 132 132 131 131 130 130 130 129 129 128 127 127 126 125 124 124 123 122 121 120 119 118 117 116 115 115 113 113 111 110 109 107 -3.4e+38 -3.4e+38 -3.4e+38 -3.4e+38 -3.4e+38 -3.4e+38 -3.4e+38 -3.4e+38 -3.4e+38 -3.4e+38 -3.4e+38 -3.4e+38 -3.4e+38 -3.4e+38 -3.4e+38 -3.4e+38 -3.4e+38 -3.4e+38 -3.4e+38 -3.4e+38
-3.4e+38 -3.4e+38 135 135 134 133 133 133 132 132 131 131 131 130 130 129 129 128 127 126 126 125 124 123 122 121 121 120 119 118 117 116 115 114 113 112 110 109 108 -3.4e+38 -3.4e+38 -3.4e+38 -3.4e+38 -3.4e+38 -3.4e+38 -3.4e+38 -3.4e+38 -3.4e+38 -3.4e+38 -3.4e+38 -3.4e+38 -3.4e+38 -3.4e+38 -3.4e+38 -3.4e+38 -3.4e+38 -3.4e+38 -3.4e+38 -3.4e+38
-3.4e+38 -3.4e+38 135 135 134 134 133 133 133 132 132 131 131 131 131 130 129 129 128 127 126 125 124 123 122 122 121 120 119 119 118 117 116 115 114 112 111 110 108 -3.4e+38 -3.4e+38 -3.4e+38 -3.4e+38 -3.4e+38 -3.4e+38 -3.4e+38 -3.4e+38 -3.4e+38 -3.4e+38 -3.4e+38 -3.4e+38 -3.4e+38 -3.4e+38 -3.4e+38 -3.4e+38 -3.4e+38 -3.4e+38 -3.4e+38 -3.4e+38
-3.4e+38 -3.4e+38 135 135 134 134 134 133 133 133 132 132 132 132 131 131 130 129 128 127 126 125 125 124 123 122 121 121 120 119 118 117 116 115 114 113 112 110 109 107 -3.4e+38 -3.4e+38 -3.4e+38 -3.4e+38 -3.4e+38 -3.4e+38 -3.4e+38 -3.4e+38 -3.4e+38 -3.4e+38 -3.4e+38 -3.4e+38 -3.4e+38 -3.4e+38 -3.4e+38 -3.4e+38 -3.4e+38 -3.4e+38 -3.4e+38
-3.4e+38 135 134 134 134 134 134 133 133 133 133 133 133 132 132 131 130 130 128 127 127 126 125 124 123 122 122 121 120 120 119 118 117 116 115 113 112 110 109 108 -3.4e+38 -3.4e+38 -3.4e+38 -3.4e+38 -3.4e+38 -3.4e+38 -3.4e+38 -3.4e+38 -3.4e+38 -3.4e+38 -3.4e+38 -3.4e+38 -3.4e+38 -3.4e+38 -3.4e+38 -3.4e+38 -3.4e+38 -3.4e+38 -3.4e+38
-3.4e+38 134 134 134 134 134 134 133 133 133 133 133 133 132 132 132 131 130 129 128 126 126 125 124 123 123 122 121 121 120 119 118 118 117 115 114 113 111 109 108 106 -3.4e+38 -3.4e+38 -3.4e+38 -3.4e+38 -3.4e+38 -3.4e+38 -3.4e+38 -3.4e+38 -3.4e+38 -3.4e+38 -3.4e+38 -3.4e+38 -3.4e+38 -3.4e+38 -3.4e+38 -3.4e+38 -3.4e+38 -3.4e+38
-3.4e+38 133 134 134 134 134 134 134 134 133 133 133 133 132 132 132 131 130 129 128 127 126 125 124 123 123 122 121 121 120 120 119 118 118 116 115 113 111 110 108 107 105 -3.4e+38 -3.4e+38 -3.4e+38 -3.4e+38 -3.4e+38 -3.4e+38 -3.4e+38 -3.4e+38 -3.4e+38 -3.4e+38 -3.4e+38 -3.4e+38 -3.4e+38 -3.4e+38 -3.4e+38 -3.4e+38 -3.4e+38
-3.4e+38 133 133 133 133 134 134 134 133 133 133 133 133 132 132 132 131 130 129 128 127 125 125 124 124 123 122 122 121 121 120 120 119 118 117 115 114 112 110 108 107 106 -3.4e+38 -3.4e+38 -3.4e+38 -3.4e+38 -3.4e+38 -3.4e+38 -3.4e+38 -3.4e+38 -3.4e+38 -3.4e+38 -3.4e+38 -3.4e+38 -3.4e+38 -3.4e+38 -3.4e+38 -3.4e+38 -3.4e+38
-3.4e+38 133 133 133 133 133 133 133 134 133 133 133 133 132 132 131 130 129 129 128 127 125 125 124 123 122 122 122 121 120 120 120 119 119 117 116 114 112 110 108 107 106 -3.4e+38 -3.4e+38 -3.4e+38 -3.4e+38 -3.4e+38 -3.4e+38 -3.4e+38 -3.4e+38 -3.4e+38 -3.4e+38 -3.4e+38 -3.4e+38 -3.4e+38 -3.4e+38 -3.4e+38 -3.4e+38 -3.4e+38
132 132 132 133 133 133 133 133 133 133 133 133 133 132 132 131 130 129 128 127 126 125 124 123 123 122 121 121 121 121 120 120 120 119 118 116 114 112 110 109 107 106 105 103 -3.4e+38 -3.4e+38 -3.4e+38 -3.4e+38 -3.4e+38 -3.4e+38 -3.4e+38 -3.4e+38 -3.4e+38 -3.4e+38 -3.4e+38 -3.4e+38 -3.4e+38 -3.4e+38 -3.4e+38
131 132 132 132 132 133 133 133 133 133 133 133 133 132 132 131 130 129 128 127 126 125 124 123 123 122 122 121 120 120 120 119 119 118 117 116 113 112 110 109 107 106 105 104 -3.4e+38 -3.4e+38 -3.4e+38 -3.4e+38 -3.4e+38 -3.4e+38 -3.4e+38 -3.4e+38 -3.4e+38 -3.4e+38 -3.4e+38 -3.4e+38 -3.4e+38 -3.4e+38 -3.4e+38
131 131 131 132 132 132 132 133 133 133 133 133 132 132 132 131 130 129 128 127 126 124 124 123 122 121 121 121 120 120 119 119 118 117 116 114 113 111 110 108 107 106 105 104 -3.4e+38 -3.4e+38 -3.4e+38 -3.4e+38 -3.4e+38 -3.4e+38 -3.4e+38 -3.4e+38 -3.4e+38 -3.4e+38 -3.4e+38 -3.4e+38 -3.4e+38 -3.4e+38 -3.4e+38
-3.4e+38 130 131 131 131 132 132 133 133 133 133 133 133 132 131 131 130 129 128 126 125 124 123 122 122 121 121 120 119 119 118 118 117 116 115 113 112 111 109 108 107 106 105 104 102 -3.4e+38 -3.4e+38 -3.4e+38 -3.4e+38 -3.4e+38 -3.4e+38 -3.4e+38 -3.4e+38 -3.4e+38 -3.4e+38 -3.4e+38 -3.4e+38 -3.4e+38 -3.4e+38
129 -3.4e+38 130 130 131 131 132 132 133 133 133 133 132 132 131 131 130 129 127 126 125 123 123 122 121 121 120 119 119 118 118 117 116 114 113 112 111 110 109 108 107 106 105 103 103 -3.4e+38 -3.4e+38 -3.4e+38 -3.4e+38 -3.4e+38 -3.4e+38 -3.4e+38 -3.4e+38 -3.4e+38 -3.4e+38 -3.4e+38 -3.4e+38 -3.4e+38 -3.4e+38
128 -3.4e+38 129 130 130 131 131 132 132 132 133 133 132 132 131 130 129 128 127 126 125 123 123 122 121 120 120 119 119 118 117 116 115 113 112 111 110 109 109 108 107 106 105 104 103 101 -3.4e+38 -3.4e+38 -3.4e+38 -3.4e+38 -3.4e+38 -3.4e+38 -3.4e+38 -3.4e+38 -3.4e+38 -3.4e+38 -3.4e+38 -3.4e+38 -3.4e+38
-3.4e+38 128 128 129 129 130 131 131 132 133 132 132 132 131 131 130 129 128 127 126 124 123 122 121 121 120 119 119 118 117 116 115 114 113 111 110 109 109 108 107 107 106 105 104 103 -3.4e+38 -3.4e+38 -3.4e+38 -3.4e+38 -3.4e+38 -3.4e+38 -3.4e+38 -3.4e+38 -3.4e+38 -3.4e+38 -3.4e+38 -3.4e+38 -3.4e+38 -3.4e+38
-3.4e+38 126 127 128 128 129 130 131 131 132 132 131 131 131 131 130 129 128 127 126 124 123 122 121 120 120 119 119 118 117 116 114 114 112 111 110 109 108 108 107 107 106 105 104 103 -3.4e+38 -3.4e+38 -3.4e+38 -3.4e+38 -3.4e+38 -3.4e+38 -3.4e+38 -3.4e+38 -3.4e+38 -3.4e+38 -3.4e+38 -3.4e+38 -3.4e+38 -3.4e+38
-3.4e+38 -3.4e+38 126 127 127 128 129 130 130 131 131 131 131 131 131 130 129 128 126 125 124 123 122 121 120 120 119 118 117 116 115 114 113 112 111 110 109 109 108 107 107 106 105 105 103 -3.4e+38 100 99 -3.4e+38 -3.4e+38 -3.4e+38 -3.4e+38 -3.4e+38 -3.4e+38 -3.4e+38 -3.4e+38 -3.4e+38 -3.4e+38 -3.4e+38
-3.4e+38 124 125 125 126 127 128 128 129 130 130 130 130 130 130 129 128 127 126 125 124 123 122 121 120 119 119 118 117 116 115 114 113 112 111 110 109 109 108 107 107 106 106 104 104 -3.4e+38 101 99 96 -3.4e+38 -3.4e+38 -3.4e+38 -3.4e+38 -3.4e+38 -3.4e+38 -3.4e+38 -3.4e+38 -3.4e+38 -3.4e+38
-3.4e+38 123 124 124 125 126 126 127 128 128 129 129 129 129 129 128 127 126 125 124 123 122 121 121 120 119 119 118 117 116 115 114 113 112 111 110 110 109 108 107 107 106 105 105 104 103 -3.4e+38 -3.4e+38 96 94 -3.4e+38 -3.4e+38 -3.4e+38 -3.4e+38 -3.4e+38 -3.4e+38 -3.4e+38 -3.4e+38 -3.4e+38
-3.4e+38 122 122 123 123 124 125 125 127 127 128 128 128 128 128 127 127 126 125 124 123 122 121 120 120 119 118 118 117 116 116 114 113 112 111 110 110 109 109 108 107 106 105 104 104 103 -3.4e+38 -3.4e+38 95 93 -3.4e+38 -3.4e+38 -3.4e+38 -3.4e+38 -3.4e+38 -3.4e+38 -3.4e+38 -3.4e+38 -3.4e+38
-3.4e+38 121 121 122 122 123 123 124 125 126 126 127 127 127 127 126 126 125 124 123 122 121 120 120 119 119 118 118 117 117 115 115 114 113 112 111 110 109 109 108 107 106 106 104 104 102 -3.4e+38 97 95 92 -3.4e+38 -3.4e+38 -3.4e+38 -3.4e+38 -3.4e+38 -3.4e+38 -3.4e+38 -3.4e+38 -3.4e+38
-3.4e+38 119 120 120 121 121 122 123 124 124 125 125 126 126 126 125 125 124 123 123 122 121 120 120 119 119 119 118 118 117 116 115 114 113 112 111 110 110 109 108 107 106 105 104 103 101 99 -3.4e+38 94 92 -3.4e+38 -3.4e+38 -3.4e+38 -3.4e+38 -3.4e+38 -3.4e+38 -3.4e+38 -3.4e+38 -3.4e+38
-3.4e+38 118 118 119 119 120 121 122 123 123 124 124 125 125 125 124 124 123 123 122 122 121 120 120 119 119 119 119 118 117 117 115 114 113 112 112 111 110 109 108 107 106 105 103 102 100 98 -3.4e+38 93 -3.4e+38 -3.4e+38 86 -3.4e+38 -3.4e+38 -3.4e+38 -3.4e+38 -3.4e+38 -3.4e+38 -3.4e+38
-3.4e+38 117 117 118 118 119 120 120 122 122 123 124 124 124 124 124 123 123 122 122 121 121 120 120 120 120 120 119 119 118 117 116 115 114 113 112 112 111 109 109 107 106 105 103 101 99 97 -3.4e+38 92 -3.4e+38 87 -3.4e+38 -3.4e+38 -3.4e+38 -3.4e+38 -3.4e+38 -3.4e+38 -3.4e+38 -3.4e+38
-3.4e+38 115 116 117 117 118 118 120 120 121 122 123 123 123 123 123 123 122 122 122 121 121 121 121 121 120 120 120 119 119 118 117 116 115 114 113 112 111 110 109 108 106 105 103 101 99 96 94 91 -3.4e+38 -3.4e+38 -3.4e+38 -3.4e+38 -3.4e+38 -3.4e+38 -3.4e+38 -3.4e+38 -3.4e+38 -3.4e+38
-3.4e+38 114 115 115 116 117 118 118 119 120 121 122 122 122 122 122 122 122 121 121 121 121 121 121 121 121 121 121 120 120 120 119 117 116 115 114 113 112 111 109 108 106 105 103 101 99 96 93 -3.4e+38 -3.4e+38 -3.4e+38 -3.4e+38 -3.4e+38 -3.4e+38 -3.4e+38 -3.4e+38 -3.4e+38 -3.4e+38 -3.4e+38
-3.4e+38 113 113 114 115 115 116 117 118 119 120 121 121 121 121 122 121 121 121 121 121 121 121 121 121 122 122 122 121 121 121 120 119 117 116 115 114 112 111 110 108 107 105 103 101 99 96 93 -3.4e+38 -3.4e+38 -3.4e+38 -3.4e+38 -3.4e+38 -3.4e+38 -3.4e+38 -3.4e+38 -3.4e+38 -3.4e+38 -3.4e+38
-3.4e+38 112 112 112 113 114 115 116 117 118 119 120 120 121 121 121 121 120 121 121 121 121 122 122 122 123 123 122 122 122 122 121 120 118 117 116 114 113 112 111 109 107 106 103 101 99 96 93 90 -3.4e+38 83 -3.4e+38 -3.4e+38 -3.4e+38 -3.4e+38 -3.4e+38 -3.4e+38 -3.4e+38 -3.4e+38
-3.4e+38 -3.4e+38 110 111 112 112 114 115 116 117 118 119 120 120 120 120 120 120 120 120 121 121 122 123 123 123 123 123 123 123 122 121 120 119 118 117 116 114 112 111 110 108 106 104 102 100 97 95 92 -3.4e+38 86 -3.4e+38 -3.4e+38 -3.4e+38 -3.4e+38 -3.4e+38 -3.4e+38 -3.4e+38 -3.4e+38
-3.4e+38 -3.4e+38 109 109 110 111 112 113 115 116 117 118 119 120 120 120 119 119 119 120 120 121 122 124 124 124 124 124 124 123 123 122 121 120 119 118 116 115 114 112 111 109 107 105 103 101 99 96 94 92 -3.4e+38 -3.4e+38 -3.4e+38 -3.4e+38 -3.4e+38 -3.4e+38 -3.4e+38 -3.4e+38 -3.4e+38
-3.4e+38 -3.4e+38 107 107 109 110 111 112 113 115 117 118 119 120 120 119 119 119 118 119 120 121 123 124 125 125 125 125 125 124 124 123 122 121 120 118 117 116 115 113 112 110 108 106 104 103 100 99 97 95 -3.4e+38 -3.4e+38 -3.4e+38 -3.4e+38 -3.4e+38 -3.4e+38 -3.4e+38 -3.4e+38 -3.4e+38
-3.4e+38 -3.4e+38 105 106 106 108 109 111 112 114 116 117 119 120 120 119 119 118 117 118 119 121 123 125 125 126 126 126 126 125 125 124 123 122 120 120 118 117 115 114 113 111 109 107 106 104 102 100 99 97 95 92 -3.4e+38 -3.4e+38 -3.4e+38 -3.4e+38 -3.4e+38 -3.4e+38 -3.4e+38
-3.4e+38 -3.4e+38 103 104 105 106 108 110 111 113 115 117 119 120 120 119 118 117 116 117 119 121 123 125 126 127 127 127 127 126 125 125 124 122 121 121 119 118 116 115 113 112 110 109 107 105 103 102 100 98 96 -3.4e+38 -3.4e+38 -3.4e+38 -3.4e+38 -3.4e+38 -3.4e+38 -3.4e+38 -3.4e+38
-3.4e+38 -3.4e+38 -3.4e+38 102 103 104 106 108 110 112 114 116 118 119 120 119 118 118 117 118 120 121 123 125 126 127 128 128 127 127 126 125 124 123 122 121 120 119 117 116 115 113 112 110 108 107 105 103 102 100 98 96 94 -3.4e+38 -3.4e+38 -3.4e+38 -3.4e+38 -3.4e+38 -3.4e+38
-3.4e+38 -3.4e+38 -3.4e+38 -3.4e+38 101 103 104 107 109 112 114 116 117 118 119 119 119 118 119 119 120 122 124 126 127 128 129 129 128 127 127 126 125 124 123 122 121 120 118 117 116 114 113 111 110 108 106 105 103 101 100 98 -3.4e+38 -3.4e+38 -3.4e+38 -3.4e+38 -3.4e+38 -3.4e+38 -3.4e+38
-3.4e+38 -3.4e+38 -3.4e+38 -3.4e+38 99 -3.4e+38 -3.4e+38 107 109 111 113 115 117 118 119 119 119 119 119 120 121 123 124 126 127 128 129 129 128 128 127 126 126 125 124 123 122 120 119 118 117 116 114 112 111 109 108 106 104 103 101 99 98 -3.4e+38 -3.4e+38 -3.4e+38 -3.4e+38 -3.4e+38 -3.4e+38
-3.4e+38 -3.4e+38 -3.4e+38 -3.4e+38 98 -3.4e+38 -3.4e+38 107 109 112 113 115 117 118 119 119 120 120 121 121 122 124 125 126 127 128 129 129 128 128 127 127 126 125 124 123 122 121 120 119 118 117 115 114 112 111 109 107 106 104 102 101 99 -3.4e+38 -3.4e+38 -3.4e+38 -3.4e+38 -3.4e+38 -3.4e+38
