demo/06_ENMDemo/data/NeededPresentLayers/Asimina_obovata/bio9.asc
NCOLS 59 
NROWS 72 
XLLCORNER -82.7083333335495 
YLLCORNER 27.1666666668645 
CELLSIZE 0.0416666666648351 
NODATA_value -3.4e+38 
[rows 0 to 55 of 72, columns 0 to 58 of 59]
-339999999999999996123846586046231871488.000000000000000 -3.4e+38 -3.4e+38 -3.4e+38 -3.4e+38 -3.4e+38 -3.4e+38 -3.4e+38 -3.4e+38 -3.4e+38 -3.4e+38 -3.4e+38 -3.4e+38 -3.4e+38 -3.4e+38 -3.4e+38 -3.4e+38 -3.4e+38 170 171 172 173 142 -3.4e+38 -3.4e+38 -3.4e+38 -3.4e+38 -3.4e+38 -3.4e+38 -3.4e+38 -3.4e+38 -3.4e+38 -3.4e+38 -3.4e+38 -3.4e+38 -3.4e+38 -3.4e+38 -3.4e+38 -3.4e+38 -3.4e+38 -3.4e+38 -3.4e+38 -3.4e+38 -3.4e+38 -3.4e+38 -3.4e+38 -3.4e+38 -3.4e+38 -3.4e+38 -3.4e+38 -3.4e+38 -3.4e+38 -3.4e+38 -3.4e+38 -3.4e+38 -3.4e+38 -3.4e+38 -3.4e+38 -3.4e+38
-3.4e+38 -3.4e+38 -3.4e+38 -3.4e+38 -3.4e+38 -3.4e+38 -3.4e+38 -3.4e+38 -3.4e+38 -3.4e+38 -3.4e+38 -3.4e+38 -3.4e+38 -3.4e+38 -3.4e+38 -3.4e+38 168 170 171 172 173 173 174 144 -3.4e+38 -3.4e+38 -3.4e+38 -3.4e+38 -3.4e+38 -3.4e+38 -3.4e+38 -3.4e+38 -3.4e+38 -3.4e+38 -3.4e+38 -3.4e+38 -3.4e+38 -3.4e+38 -3.4e+38 -3.4e+38 -3.4e+38 -3.4e+38 -3.4e+38 -3.4e+38 -3.4e+38 -3.4e+38 -3.4e+38 -3.4e+38 -3.4e+38 -3.4e+38 -3.4e+38 -3.4e+38 -3.4e+38 -3.4e+38 -3.4e+38 -3.4e+38 -3.4e+38 -3.4e+38 -3.4e+38
-3.4e+38 -3.4e+38 -3.4e+38 -3.4e+38 -3.4e+38 -3.4e+38 -3.4e+38 -3.4e+38 -3.4e+38 -3.4e+38 -3.4e+38 -3.4e+38 -3.4e+38 -3.4e+38 167 168 168 170 171 172 173 173 174 144 145 -3.4e+38 -3.4e+38 -3.4e+38 -3.4e+38 -3.4e+38 -3.4e+38 -3.4e+38 -3.4e+38 -3.4e+38 -3.4e+38 -3.4e+38 -3.4e+38 -3.4e+38 -3.4e+38 -3.4e+38 -3.4e+38 -3.4e+38 -3.4e+38 -3.4e+38 -3.4e+38 -3.4e+38 -3.4e+38 -3.4e+38 -3.4e+38 -3.4e+38 -3.4e+38 -3.4e+38 -3.4e+38 -3.4e+38 -3.4e+38 -3.4e+38 -3.4e+38 -3.4e+38 -3.4e+38
-3.4e+38 -3.4e+38 -3.4e+38 -3.4e+38 -3.4e+38 -3.4e+38 -3.4e+38 -3.4e+38 -3.4e+38 -3.4e+38 -3.4e+38 -3.4e+38 -3.4e+38 168 168 168 169 171 171 171 172 173 174 144 145 146 -3.4e+38 -3.4e+38 -3.4e+38 -3.4e+38 -3.4e+38 -3.4e+38 -3.4e+38 -3.4e+38 -3.4e+38 -3.4e+38 -3.4e+38 -3.4e+38 -3.4e+38 -3.4e+38 -3.4e+38 -3.4e+38 -3.4e+38 -3.4e+38 -3.4e+38 -3.4e+38 -3.4e+38 -3.4e+38 -3.4e+38 -3.4e+38 -3.4e+38 -3.4e+38 -3.4e+38 -3.4e+38 -3.4e+38 -3.4e+38 -3.4e+38 -3.4e+38 -3.4e+38
-3.4e+38 -3.4e+38 -3.4e+38 -3.4e+38 -3.4e+38 -3.4e+38 -3.4e+38 -3.4e+38 -3.4e+38 -3.4e+38 -3.4e+38 168 168 168 168 168 168 170 171 172 173 173 174 144 145 146 147 147 -3.4e+38 -3.4e+38 -3.4e+38 -3.4e+38 -3.4e+38 -3.4e+38 -3.4e+38 -3.4e+38 -3.4e+38 -3.4e+38 -3.4e+38 -3.4e+38 -3.4e+38 -3.4e+38 -3.4e+38 -3.4e+38 -3.4e+38 -3.4e+38 -3.4e+38 -3.4e+38 -3.4e+38 -3.4e+38 -3.4e+38 -3.4e+38 -3.4e+38 -3.4e+38 -3.4e+38 -3.4e+38 -3.4e+38 -3.4e+38 -3.4e+38
-3.4e+38 -3.4e+38 -3.4e+38 -3.4e+38 -3.4e+38 -3.4e+38 -3.4e+38 -3.4e+38 -3.4e+38 169 169 168 169 168 168 168 169 170 171 172 173 174 174 143 145 146 147 148 148 -3.4e+38 -3.4e+38 -3.4e+38 -3.4e+38 -3.4e+38 -3.4e+38 -3.4e+38 -3.4e+38 -3.4e+38 -3.4e+38 -3.4e+38 -3.4e+38 -3.4e+38 -3.4e+38 -3.4e+38 -3.4e+38 -3.4e+38 -3.4e+38 -3.4e+38 -3.4e+38 -3.4e+38 -3.4e+38 -3.4e+38 -3.4e+38 -3.4e+38 -3.4e+38 -3.4e+38 -3.4e+38 -3.4e+38 -3.4e+38
-3.4e+38 -3.4e+38 -3.4e+38 -3.4e+38 -3.4e+38 -3.4e+38 -3.4e+38 -3.4e+38 170 169 169 169 169 169 169 169 169 170 171 172 173 174 174 144 145 146 148 147 148 148 -3.4e+38 -3.4e+38 -3.4e+38 -3.4e+38 -3.4e+38 -3.4e+38 -3.4e+38 -3.4e+38 -3.4e+38 -3.4e+38 -3.4e+38 -3.4e+38 -3.4e+38 -3.4e+38 -3.4e+38 -3.4e+38 -3.4e+38 -3.4e+38 -3.4e+38 -3.4e+38 -3.4e+38 -3.4e+38 -3.4e+38 -3.4e+38 -3.4e+38 -3.4e+38 -3.4e+38 -3.4e+38 -3.4e+38
-3.4e+38 -3.4e+38 -3.4e+38 -3.4e+38 -3.4e+38 -3.4e+38 170 170 170 170 170 169 170 169 169 170 170 170 171 173 173 173 174 144 146 146 148 148 149 149 149 -3.4e+38 -3.4e+38 -3.4e+38 -3.4e+38 -3.4e+38 -3.4e+38 -3.4e+38 -3.4e+38 -3.4e+38 -3.4e+38 -3.4e+38 -3.4e+38 -3.4e+38 -3.4e+38 -3.4e+38 -3.4e+38 -3.4e+38 -3.4e+38 -3.4e+38 -3.4e+38 -3.4e+38 -3.4e+38 -3.4e+38 -3.4e+38 -3.4e+38 -3.4e+38 -3.4e+38 -3.4e+38
-3.4e+38 -3.4e+38 -3.4e+38 -3.4e+38 -3.4e+38 171 170 171 171 171 170 170 170 170 171 171 171 171 173 173 173 174 175 145 146 147 148 149 149 149 149 150 -3.4e+38 -3.4e+38 -3.4e+38 -3.4e+38 -3.4e+38 -3.4e+38 -3.4e+38 -3.4e+38 -3.4e+38 -3.4e+38 -3.4e+38 -3.4e+38 -3.4e+38 -3.4e+38 -3.4e+38 -3.4e+38 -3.4e+38 -3.4e+38 -3.4e+38 -3.4e+38 -3.4e+38 -3.4e+38 -3.4e+38 -3.4e+38 -3.4e+38 -3.4e+38 -3.4e+38
-3.4e+38 -3.4e+38 -3.4e+38 -3.4e+38 172 172 172 171 171 171 170 171 171 170 171 171 172 172 173 174 173 175 145 146 147 148 148 149 149 150 150 150 151 -3.4e+38 -3.4e+38 -3.4e+38 -3.4e+38 -3.4e+38 -3.4e+38 -3.4e+38 -3.4e+38 -3.4e+38 -3.4e+38 -3.4e+38 -3.4e+38 -3.4e+38 -3.4e+38 -3.4e+38 -3.4e+38 -3.4e+38 -3.4e+38 -3.4e+38 -3.4e+38 -3.4e+38 -3.4e+38 -3.4e+38 -3.4e+38 -3.4e+38 -3.4e+38
-3.4e+38 -3.4e+38 -3.4e+38 -3.4e+38 172 172 172 172 172 172 172 171 172 172 171 172 173 173 174 174 174 175 146 147 148 148 148 149 150 150 150 151 151 152 -3.4e+38 -3.4e+38 -3.4e+38 -3.4e+38 -3.4e+38 -3.4e+38 -3.4e+38 -3.4e+38 -3.4e+38 -3.4e+38 -3.4e+38 -3.4e+38 -3.4e+38 -3.4e+38 -3.4e+38 -3.4e+38 -3.4e+38 -3.4e+38 -3.4e+38 -3.4e+38 -3.4e+38 -3.4e+38 -3.4e+38 -3.4e+38 -3.4e+38
-3.4e+38 -3.4e+38 -3.4e+38 -3.4e+38 173 173 173 173 173 172 173 172 173 173 172 172 173 173 174 174 174 176 147 148 148 149 149 150 150 151 151 151 151 152 153 -3.4e+38 -3.4e+38 -3.4e+38 -3.4e+38 -3.4e+38 -3.4e+38 -3.4e+38 -3.4e+38 -3.4e+38 -3.4e+38 -3.4e+38 -3.4e+38 -3.4e+38 -3.4e+38 -3.4e+38 -3.4e+38 -3.4e+38 -3.4e+38 -3.4e+38 -3.4e+38 -3.4e+38 -3.4e+38 -3.4e+38 -3.4e+38
-3.4e+38 -3.4e+38 -3.4e+38 173 173 174 173 174 174 173 173 173 173 173 173 173 174 174 174 175 176 176 147 148 148 149 150 150 150 151 151 152 152 153 153 154 -3.4e+38 -3.4e+38 -3.4e+38 -3.4e+38 -3.4e+38 -3.4e+38 -3.4e+38 -3.4e+38 -3.4e+38 -3.4e+38 -3.4e+38 -3.4e+38 -3.4e+38 -3.4e+38 -3.4e+38 -3.4e+38 -3.4e+38 -3.4e+38 -3.4e+38 -3.4e+38 -3.4e+38 -3.4e+38 -3.4e+38
-3.4e+38 -3.4e+38 -3.4e+38 174 173 174 174 174 174 174 174 174 174 174 174 174 174 174 176 176 177 147 148 148 149 149 150 150 150 151 152 152 153 153 154 154 155 -3.4e+38 -3.4e+38 -3.4e+38 -3.4e+38 -3.4e+38 -3.4e+38 -3.4e+38 -3.4e+38 -3.4e+38 -3.4e+38 -3.4e+38 -3.4e+38 -3.4e+38 -3.4e+38 -3.4e+38 -3.4e+38 -3.4e+38 -3.4e+38 -3.4e+38 -3.4e+38 -3.4e+38 -3.4e+38
-3.4e+38 -3.4e+38 -3.4e+38 174 174 174 174 175 175 175 175 175 174 175 175 175 175 176 176 177 177 148 149 149 149 149 150 151 151 151 152 152 153 153 154 154 154 -3.4e+38 -3.4e+38 -3.4e+38 -3.4e+38 -3.4e+38 -3.4e+38 -3.4e+38 -3.4e+38 -3.4e+38 -3.4e+38 -3.4e+38 -3.4e+38 -3.4e+38 -3.4e+38 -3.4e+38 -3.4e+38 -3.4e+38 -3.4e+38 -3.4e+38 -3.4e+38 -3.4e+38 -3.4e+38
-3.4e+38 -3.4e+38 -3.4e+38 175 174 175 175 175 175 175 176 175 175 176 175 176 176 176 176 177 178 149 149 150 150 149 150 151 152 152 152 152 153 154 153 155 155 -3.4e+38 -3.4e+38 -3.4e+38 -3.4e+38 -3.4e+38 -3.4e+38 -3.4e+38 -3.4e+38 -3.4e+38 -3.4e+38 -3.4e+38 -3.4e+38 -3.4e+38 -3.4e+38 -3.4e+38 -3.4e+38 -3.4e+38 -3.4e+38 -3.4e+38 -3.4e+38 -3.4e+38 -3.4e+38
-3.4e+38 -3.4e+38 -3.4e+38 175 175 175 175 176 175 175 175 176 176 176 176 176 176 176 177 176 177 149 149 150 150 150 150 151 152 152 153 153 154 154 155 154 155 155 -3.4e+38 -3.4e+38 -3.4e+38 -3.4e+38 -3.4e+38 -3.4e+38 -3.4e+38 -3.4e+38 -3.4e+38 -3.4e+38 -3.4e+38 -3.4e+38 -3.4e+38 -3.4e+38 -3.4e+38 -3.4e+38 -3.4e+38 -3.4e+38 -3.4e+38 -3.4e+38 -3.4e+38
-3.4e+38 -3.4e+38 176 175 176 176 176 176 176 175 175 176 177 176 177 177 177 177 178 177 177 149 150 150 151 151 152 152 152 153 153 154 154 154 155 155 156 156 -3.4e+38 -3.4e+38 -3.4e+38 -3.4e+38 -3.4e+38 -3.4e+38 -3.4e+38 -3.4e+38 -3.4e+38 -3.4e+38 -3.4e+38 -3.4e+38 -3.4e+38 -3.4e+38 -3.4e+38 -3.4e+38 -3.4e+38 -3.4e+38 -3.4e+38 -3.4e+38 -3.4e+38
-3.4e+38 -3.4e+38 176 176 176 176 177 176 176 176 176 176 177 177 177 177 178 178 178 178 177 149 150 151 151 152 152 152 152 153 154 154 155 155 155 156 156 156 157 -3.4e+38 -3.4e+38 -3.4e+38 -3.4e+38 -3.4e+38 -3.4e+38 -3.4e+38 -3.4e+38 -3.4e+38 -3.4e+38 -3.4e+38 -3.4e+38 -3.4e+38 -3.4e+38 -3.4e+38 -3.4e+38 -3.4e+38 -3.4e+38 -3.4e+38 -3.4e+38
-3.4e+38 -3.4e+38 177 177 177 177 177 177 176 176 176 176 177 177 178 177 178 178 179 179 178 150 151 152 152 153 153 153 153 154 154 155 155 155 156 156 157 157 158 -3.4e+38 -3.4e+38 -3.4e+38 -3.4e+38 -3.4e+38 -3.4e+38 -3.4e+38 -3.4e+38 -3.4e+38 -3.4e+38 -3.4e+38 -3.4e+38 -3.4e+38 -3.4e+38 -3.4e+38 -3.4e+38 -3.4e+38 -3.4e+38 -3.4e+38 -3.4e+38
-3.4e+38 -3.4e+38 178 178 178 177 177 177 177 177 177 177 177 177 178 179 178 179 179 179 179 150 151 151 153 153 154 154 153 154 155 155 155 156 156 157 157 158 158 -3.4e+38 -3.4e+38 -3.4e+38 -3.4e+38 -3.4e+38 -3.4e+38 -3.4e+38 -3.4e+38 -3.4e+38 -3.4e+38 -3.4e+38 -3.4e+38 -3.4e+38 -3.4e+38 -3.4e+38 -3.4e+38 -3.4e+38 -3.4e+38 -3.4e+38 -3.4e+38
-3.4e+38 -3.4e+38 178 178 178 178 178 178 178 177 177 178 178 178 178 179 179 179 179 180 180 150 151 151 153 153 154 155 155 154 155 156 156 156 157 157 158 158 158 159 -3.4e+38 -3.4e+38 -3.4e+38 -3.4e+38 -3.4e+38 -3.4e+38 -3.4e+38 -3.4e+38 -3.4e+38 -3.4e+38 -3.4e+38 -3.4e+38 -3.4e+38 -3.4e+38 -3.4e+38 -3.4e+38 -3.4e+38 -3.4e+38 -3.4e+38
-3.4e+38 178 178 178 178 178 178 179 179 178 178 179 179 179 179 180 180 180 180 181 181 180 152 152 153 154 155 155 155 155 155 155 156 156 157 158 158 158 159 159 -3.4e+38 -3.4e+38 -3.4e+38 -3.4e+38 -3.4e+38 -3.4e+38 -3.4e+38 -3.4e+38 -3.4e+38 -3.4e+38 -3.4e+38 -3.4e+38 -3.4e+38 -3.4e+38 -3.4e+38 -3.4e+38 -3.4e+38 -3.4e+38 -3.4e+38
-3.4e+38 178 179 179 178 179 179 179 179 179 179 179 179 179 179 180 180 180 180 181 181 181 152 153 154 154 155 155 155 155 156 156 156 157 157 158 158 159 160 159 161 -3.4e+38 -3.4e+38 -3.4e+38 -3.4e+38 -3.4e+38 -3.4e+38 -3.4e+38 -3.4e+38 -3.4e+38 -3.4e+38 -3.4e+38 -3.4e+38 -3.4e+38 -3.4e+38 -3.4e+38 -3.4e+38 -3.4e+38 -3.4e+38
-3.4e+38 179 179 180 179 179 179 179 179 179 180 180 179 179 179 180 180 181 181 181 182 182 182 153 154 154 155 155 156 156 156 157 157 157 158 158 159 159 160 160 161 161 -3.4e+38 -3.4e+38 -3.4e+38 -3.4e+38 -3.4e+38 -3.4e+38 -3.4e+38 -3.4e+38 -3.4e+38 -3.4e+38 -3.4e+38 -3.4e+38 -3.4e+38 -3.4e+38 -3.4e+38 -3.4e+38 -3.4e+38
-3.4e+38 180 180 180 180 180 180 180 180 180 180 180 180 180 180 181 181 182 182 182 182 182 182 183 154 155 155 156 157 157 157 158 157 157 158 159 159 160 160 160 161 161 -3.4e+38 -3.4e+38 -3.4e+38 -3.4e+38 -3.4e+38 -3.4e+38 -3.4e+38 -3.4e+38 -3.4e+38 -3.4e+38 -3.4e+38 -3.4e+38 -3.4e+38 -3.4e+38 -3.4e+38 -3.4e+38 -3.4e+38
-3.4e+38 181 181 181 181 181 181 181 181 181 181 181 181 181 181 181 182 182 182 182 183 183 183 183 154 155 156 157 157 157 158 158 157 157 158 159 160 160 161 161 162 162 -3.4e+38 -3.4e+38 -3.4e+38 -3.4e+38 -3.4e+38 -3.4e+38 -3.4e+38 -3.4e+38 -3.4e+38 -3.4e+38 -3.4e+38 -3.4e+38 -3.4e+38 -3.4e+38 -3.4e+38 -3.4e+38 -3.4e+38
181 181 181 181 181 181 181 182 182 181 181 181 181 182 182 182 182 183 183 183 184 184 184 184 184 156 156 157 158 158 158 158 158 158 158 159 160 161 161 162 162 162 163 163 -3.4e+38 -3.4e+38 -3.4e+38 -3.4e+38 -3.4e+38 -3.4e+38 -3.4e+38 -3.4e+38 -3.4e+38 -3.4e+38 -3.4e+38 -3.4e+38 -3.4e+38 -3.4e+38 -3.4e+38
182 182 182 182 181 181 181 182 183 182 182 182 182 183 182 183 183 183 183 184 184 184 185 185 185 185 158 157 158 159 159 160 160 159 160 160 161 162 162 162 163 163 163 164 -3.4e+38 -3.4e+38 -3.4e+38 -3.4e+38 -3.4e+38 -3.4e+38 -3.4e+38 -3.4e+38 -3.4e+38 -3.4e+38 -3.4e+38 -3.4e+38 -3.4e+38 -3.4e+38 -3.4e+38
183 183 183 183 182 182 182 182 183 183 183 183 183 183 183 184 184 185 184 184 185 185 186 186 186 186 158 159 159 160 160 160 161 161 161 161 162 162 163 163 163 163 164 164 -3.4e+38 -3.4e+38 -3.4e+38 -3.4e+38 -3.4e+38 -3.4e+38 -3.4e+38 -3.4e+38 -3.4e+38 -3.4e+38 -3.4e+38 -3.4e+38 -3.4e+38 -3.4e+38 -3.4e+38
-3.4e+38 184 184 184 183 182 182 183 183 184 183 184 184 184 184 185 185 185 185 185 186 186 186 187 187 188 159 159 160 160 161 162 162 162 162 162 163 163 164 164 164 165 164 165 165 -3.4e+38 -3.4e+38 -3.4e+38 -3.4e+38 -3.4e+38 -3.4e+38 -3.4e+38 -3.4e+38 -3.4e+38 -3.4e+38 -3.4e+38 -3.4e+38 -3.4e+38 -3.4e+38
185 -3.4e+38 185 184 184 184 183 183 184 184 184 185 185 185 185 186 186 186 186 186 187 187 187 188 188 187 159 160 161 161 162 162 163 163 164 164 164 164 165 165 165 165 165 165 165 -3.4e+38 -3.4e+38 -3.4e+38 -3.4e+38 -3.4e+38 -3.4e+38 -3.4e+38 -3.4e+38 -3.4e+38 -3.4e+38 -3.4e+38 -3.4e+38 -3.4e+38 -3.4e+38
185 -3.4e+38 186 185 184 184 184 184 184 185 185 185 185 186 186 186 187 187 187 187 187 188 188 188 189 188 160 161 162 162 163 163 164 164 165 165 166 166 165 166 166 165 165 166 166 167 -3.4e+38 -3.4e+38 -3.4e+38 -3.4e+38 -3.4e+38 -3.4e+38 -3.4e+38 -3.4e+38 -3.4e+38 -3.4e+38 -3.4e+38 -3.4e+38 -3.4e+38
-3.4e+38 186 186 186 186 185 185 185 185 185 186 186 186 186 187 187 187 187 188 188 188 189 189 189 190 189 161 161 162 163 164 164 164 165 165 166 166 166 166 167 167 166 166 167 166 -3.4e+38 -3.4e+38 -3.4e+38 -3.4e+38 -3.4e+38 -3.4e+38 -3.4e+38 -3.4e+38 -3.4e+38 -3.4e+38 -3.4e+38 -3.4e+38 -3.4e+38 -3.4e+38
-3.4e+38 187 187 187 186 186 186 185 185 186 187 186 187 188 188 188 187 188 189 189 189 190 190 190 190 191 162 163 163 164 165 165 165 166 167 167 167 167 167 168 167 167 167 167 167 -3.4e+38 -3.4e+38 -3.4e+38 -3.4e+38 -3.4e+38 -3.4e+38 -3.4e+38 -3.4e+38 -3.4e+38 -3.4e+38 -3.4e+38 -3.4e+38 -3.4e+38 -3.4e+38
-3.4e+38 -3.4e+38 187 188 188 187 186 186 186 186 187 188 188 188 188 189 189 189 189 190 190 190 191 191 192 193 165 164 164 164 165 166 166 166 167 167 167 167 168 168 169 168 168 168 168 -3.4e+38 168 168 -3.4e+38 -3.4e+38 -3.4e+38 -3.4e+38 -3.4e+38 -3.4e+38 -3.4e+38 -3.4e+38 -3.4e+38 -3.4e+38 -3.4e+38
-3.4e+38 189 188 189 188 187 187 187 187 187 188 189 189 190 190 190 190 190 190 191 191 191 191 191 192 193 165 165 166 165 166 166 167 167 168 169 168 168 168 168 169 168 168 169 168 -3.4e+38 169 169 169 -3.4e+38 -3.4e+38 -3.4e+38 -3.4e+38 -3.4e+38 -3.4e+38 -3.4e+38 -3.4e+38 -3.4e+38 -3.4e+38
-3.4e+38 190 189 190 189 188 188 188 189 189 189 190 190 190 190 191 191 191 191 191 192 192 192 191 193 194 166 166 166 166 167 167 167 168 168 169 168 168 168 169 169 169 169 169 169 168 -3.4e+38 -3.4e+38 170 170 -3.4e+38 -3.4e+38 -3.4e+38 -3.4e+38 -3.4e+38 -3.4e+38 -3.4e+38 -3.4e+38 -3.4e+38
-3.4e+38 191 191 191 190 190 189 189 190 190 190 191 191 191 191 191 192 192 192 192 192 193 193 192 194 194 167 167 167 167 168 168 168 169 169 169 170 169 169 169 169 170 169 170 170 169 -3.4e+38 -3.4e+38 170 170 -3.4e+38 -3.4e+38 -3.4e+38 -3.4e+38 -3.4e+38 -3.4e+38 -3.4e+38 -3.4e+38 -3.4e+38
-3.4e+38 192 191 191 191 191 191 191 190 191 191 191 192 192 192 192 192 193 193 193 193 194 194 194 194 195 167 167 168 168 169 169 169 169 170 170 170 170 170 170 170 170 170 171 170 170 -3.4e+38 171 171 171 -3.4e+38 -3.4e+38 -3.4e+38 -3.4e+38 -3.4e+38 -3.4e+38 -3.4e+38 -3.4e+38 -3.4e+38
-3.4e+38 192 192 192 192 193 193 192 191 191 192 192 193 193 193 193 193 193 194 194 194 195 195 196 196 195 168 169 169 169 170 170 170 170 171 170 170 171 171 170 171 171 170 171 171 170 171 -3.4e+38 171 171 -3.4e+38 -3.4e+38 -3.4e+38 -3.4e+38 -3.4e+38 -3.4e+38 -3.4e+38 -3.4e+38 -3.4e+38
-3.4e+38 193 193 193 193 193 193 194 193 192 192 193 193 194 194 194 194 194 194 195 195 195 196 196 197 196 170 170 170 170 171 171 171 171 172 171 171 171 171 171 171 172 171 171 172 171 171 -3.4e+38 172 -3.4e+38 -3.4e+38 172 -3.4e+38 -3.4e+38 -3.4e+38 -3.4e+38 -3.4e+38 -3.4e+38 -3.4e+38
-3.4e+38 194 194 194 194 194 194 194 194 193 192 194 194 194 195 194 194 195 195 196 195 196 196 196 196 197 170 170 171 171 172 172 172 172 172 172 172 172 172 172 171 172 172 172 172 172 172 -3.4e+38 173 -3.4e+38 173 -3.4e+38 -3.4e+38 -3.4e+38 -3.4e+38 -3.4e+38 -3.4e+38 -3.4e+38 -3.4e+38
-3.4e+38 194 194 194 195 194 195 195 195 195 194 194 195 195 195 195 195 195 196 196 196 197 197 197 197 198 170 171 171 172 172 173 173 173 173 173 173 173 173 172 172 173 173 173 173 173 173 173 174 -3.4e+38 -3.4e+38 -3.4e+38 -3.4e+38 -3.4e+38 -3.4e+38 -3.4e+38 -3.4e+38 -3.4e+38 -3.4e+38
-3.4e+38 195 195 195 195 195 195 195 196 195 195 195 195 196 196 196 196 196 196 196 196 197 198 197 197 171 171 172 172 173 173 174 174 174 174 173 174 173 173 173 173 173 173 174 174 174 174 174 -3.4e+38 -3.4e+38 -3.4e+38 -3.4e+38 -3.4e+38 -3.4e+38 -3.4e+38 -3.4e+38 -3.4e+38 -3.4e+38 -3.4e+38
-3.4e+38 196 196 196 196 195 196 196 196 196 196 195 196 196 196 196 196 196 197 197 197 197 197 197 198 170 172 172 173 174 174 174 175 174 174 174 174 174 174 174 174 174 174 174 175 175 175 176 -3.4e+38 -3.4e+38 -3.4e+38 -3.4e+38 -3.4e+38 -3.4e+38 -3.4e+38 -3.4e+38 -3.4e+38 -3.4e+38 -3.4e+38
-3.4e+38 196 196 196 196 196 197 196 197 197 196 197 197 197 196 197 197 197 197 197 197 197 198 198 198 171 173 173 173 174 174 175 175 175 175 175 175 174 174 174 174 174 175 175 175 176 176 176 177 -3.4e+38 177 -3.4e+38 -3.4e+38 -3.4e+38 -3.4e+38 -3.4e+38 -3.4e+38 -3.4e+38 -3.4e+38
-3.4e+38 -3.4e+38 197 197 197 197 197 198 198 198 198 197 197 197 197 197 197 197 197 198 198 198 198 198 172 172 173 173 174 174 174 176 175 175 175 175 175 175 175 175 175 175 175 175 176 176 176 177 177 -3.4e+38 178 -3.4e+38 -3.4e+38 -3.4e+38 -3.4e+38 -3.4e+38 -3.4e+38 -3.4e+38 -3.4e+38
-3.4e+38 -3.4e+38 197 197 197 198 198 197 198 198 198 198 198 197 197 198 197 196 197 197 197 198 198 199 173 172 173 174 175 175 175 176 176 176 176 175 175 175 175 175 175 176 176 176 177 177 177 178 178 178 -3.4e+38 -3.4e+38 -3.4e+38 -3.4e+38 -3.4e+38 -3.4e+38 -3.4e+38 -3.4e+38 -3.4e+38
-3.4e+38 -3.4e+38 198 198 198 198 198 198 199 198 198 199 198 198 197 198 197 197 197 198 198 198 199 172 172 173 173 174 175 175 175 176 176 176 176 176 176 176 175 176 176 176 176 177 177 178 178 178 167 167 -3.4e+38 -3.4e+38 -3.4e+38 -3.4e+38 -3.4e+38 -3.4e+38 -3.4e+38 -3.4e+38 -3.4e+38
-3.4e+38 -3.4e+38 171 171 171 199 198 199 199 198 199 199 199 198 198 198 197 197 197 198 199 199 199 199 173 174 173 175 175 175 176 176 177 177 176 176 175 176 176 176 176 176 177 177 177 178 178 179 167 167 168 180 -3.4e+38 -3.4e+38 -3.4e+38 -3.4e+38 -3.4e+38 -3.4e+38 -3.4e+38
-3.4e+38 -3.4e+38 171 172 172 171 199 199 199 199 199 199 199 199 198 198 198 197 198 198 199 200 200 199 200 201 174 201 175 176 176 176 177 177 177 177 177 176 176 177 177 177 177 178 177 178 179 179 168 168 168 -3.4e+38 -3.4e+38 -3.4e+38 -3.4e+38 -3.4e+38 -3.4e+38 -3.4e+38 -3.4e+38
-3.4e+38 -3.4e+38 -3.4e+38 172 172 172 172 172 200 199 199 199 200 199 199 199 198 198 197 172 173 174 174 200 200 200 200 201 176 176 177 177 177 177 176 177 177 177 177 177 177 178 178 178 178 179 179 179 168 168 169 169 170 -3.4e+38 -3.4e+38 -3.4e+38 -3.4e+38 -3.4e+38 -3.4e+38
-3.4e+38 -3.4e+38 -3.4e+38 -3.4e+38 173 172 173 173 173 200 200 200 200 200 199 200 199 199 171 172 174 174 175 201 200 201 201 201 202 176 177 177 176 177 177 177 177 177 177 177 177 178 178 178 179 179 179 180 180 169 169 170 -3.4e+38 -3.4e+38 -3.4e+38 -3.4e+38 -3.4e+38 -3.4e+38 -3.4e+38
-3.4e+38 -3.4e+38 -3.4e+38 -3.4e+38 173 -3.4e+38 -3.4e+38 174 174 174 200 200 200 200 200 200 200 174 173 173 174 175 175 175 175 201 201 201 202 175 176 177 177 177 178 177 178 177 178 178 178 178 178 178 179 179 180 180 181 181 170 170 170 -3.4e+38 -3.4e+38 -3.4e+38 -3.4e+38 -3.4e+38 -3.4e+38
-3.4e+38 -3.4e+38 -3.4e+38 -3.4e+38 174 -3.4e+38 -3.4e+38 174 174 174 174 200 200 200 200 174 174 174 173 173 174 175 174 175 175 201 202 202 202 176 176 177 177 177 178 178 178 178 178 178 178 178 178 178 179 179 180 181 181 181 181 171 171 -3.4e+38 -3.4e+38 -3.4e+38 -3.4e+38 -3.4e+38 -3.4e+38
